0.225 0.15 0.5 0.05
0.27160526754 0.176242813674 0.506456054571 0.0456958642149
0.197596067002 0.248101506877 0.509043264158 0.0452591619633
0.232371824409 0.172549532123 0.5 0.0445752279543
0.357006511398 0.0494981818927 0.5 0.0552510955593
0.190488170574 0.216023544317 0.510174183739 0.0471608707815
0.154654129101 0.2464315192 0.512445376705 0.0447762527897
0.193257874288 0.178134101628 0.5 0.0421727826276
0.170854052308 0.210267091128 0.525460332533 0.038217460357
0.18362664164 0.223668153504 0.5 0.0418037225206
0.19011351095 0.19697817529 0.556405856164 0.0565024575962
0.178599045997 0.11292634069 0.500148000235 0.0437264659316
0.307098335694 0.0486604826568 0.5157317578 0.0428005305568
-1.52655665886e-16 0.311238337563 0.525226287115 0.0378929730067
-1.12138718754e-17 0.244761146367 0.501183141956 0.0335046185747
0.359301433013 0.0390081492898 0.561200407421 0.0404900102767
0.0535167535424 0.184353699098 0.530088334606 0.0242662226515
6.42379471221e-06 0.355443151431 0.5 0.0371684540777
-1.13743035315e-17 0.309989044389 0.519541575106 0.037299950659
0.250477522792 0.0639856106716 0.500004766534 0.0314463106546
0.179570963565 0.253533885577 0.5 0.0536242415024
-4.4408920985e-16 -3.33066907388e-16 0.5 -2.22044604925e-16
0.342839268351 0.0033941013662 0.600257650762 0.0512802452107
0.130976762692 0.151300984915 0.667293880547 0.0421981989258
0.0142363369235 0.431082912225 0.5 0.0546807508517
-3.46944695195e-18 0.190258810878 0.529088121307 0.0221820330262
0.110916349141 0.321311179288 0.502917220957 0.0433289054366
0.32126967684 0.0273018168711 0.599736081688 0.0516924246005
0.144376307366 0.301316607401 0.5 0.0543070852336
0.195297890265 0.0729269714319 0.5 0.0402336697706
0.28126936387 0.163754994255 0.509676611349 0.045299030526
0.227061427567 5.78321465552e-05 0.5 0.0265294011266
0.380648122664 4.44389693579e-20 0.562237153301 0.0570950338801
0.259358091548 0.17526976483 0.5 0.0510202778619
0.11343379675 0.291067736129 0.513585545417 0.048280404093
0.435466581756 -4.16333634234e-16 0.5 0.0645334182437
0.068121248506 0.0980408651987 0.811162248353 0.0226756379419
0.40661441063 0.0010506269879 0.53410035767 0.0582346047119
0.229024562707 0.219736917658 0.5 0.0470337869458
0.335105339134 0.0931086001203 0.5 0.0549880211995
0.375766117215 0.0363658802337 0.509549318082 0.0587306139049
0.187871406565 0.241094964632 0.510821451783 0.0602121770197
0.00357059620727 0.396811346556 0.51831611123 0.0401879322994
0.120788840186 0.283131716461 0.532113939026 0.0447490174183
0.243593975227 0.011473545293 0.694155237189 0.0381761337537
0.362000080175 0.0621366721686 0.517585545718 0.0510013631816
0.313381004766 0.0999091011034 0.508102002546 0.0529632699663
0.0352034720258 0.368603920931 0.515304299753 0.0544396393476
0.182592340009 0.249857580044 0.504374749667 0.0631753302632
0.000655828637595 0.157220507797 0.543757670089 0.0234132829836
0.222750369038 0.197836904421 0.510860156412 0.0534236079331
0.40817527941 3.16006745693e-18 0.548462626646 0.0411936258146
0.0259853022752 0.00717296773479 0.5025115196 0.00336188528876
0.400744534522 0.00123982103662 0.5 0.0405524159007
0.287272391095 0.108063170166 0.529406580539 0.0496165700106
0.203700307544 0.232690481759 0.5 0.0636092106966
0.0907557115919 0.0211930580061 0.5 0.011197259754
0.296987260589 0.0538211518194 0.512369732782 0.0525215131895
0.245496682305 0.163651518948 0.5 0.0426629440545
0.0473490828342 0.397367716636 0.5 0.0552832005295
0.231008575132 0.189701624466 0.509984754165 0.0554172870315
0.192586235394 0.250767388938 0.5 0.0566463756687
0.104202226708 0.15555006155 0.500002425972 0.0389625585015
0.401403831864 0.0304946014635 0.5 0.0466844040468
0.00119818527919 0.438601255132 0.5 0.0602005595884
0.193878722257 0.201347386774 0.521084597911 0.042542076975
0.236930576509 0.192954895874 0.5 0.0631492576375
-1.15839075034e-17 0.21368080382 0.58231454861 0.0260534288362
0.0812686855501 0.0211696141957 0.874477573525 0.0153384330498
-2.11481625896e-16 0.428789542859 0.502549005102 0.0599363288605
-1.10154940725e-16 0.248546120188 0.53061939631 0.0253022210662
0.424088582005 0.014200849429 0.5 0.0617105685661
0.0381673625271 0.163740325882 0.549383722122 0.0201907688409
0.247225351779 0.189258290929 0.5 0.0605514665046
1.7763568394e-14 8.54871728961e-15 0.5 1.94289029309e-14
0.160781208316 0.274896184902 0.5 0.0585920419293
0.238403712931 0.186975933558 0.506612669735 0.0612730601122
0.2929727952 0.133067264513 0.5 0.0528834313194
0.377738931743 4.76147514321e-05 0.5 0.0400995864796
0.183492914662 0.161284962552 0.522442934848 0.0344777877202
0.169307709248 0.243641084294 0.505476958599 0.0618629800557
0.435088499141 0.00935244800833 0.50218775648 0.0533712963705
0.317269506382 0.0985287981175 0.541154034221 0.04304766128
0.29424641068 0.0874516602791 0.516103545465 0.0493335198319
0.353115953771 -2.34889283316e-17 0.550517677496 0.0466823365303
0.290551418993 0.0486894107581 0.521521398564 0.0466394332639
0.0106032800182 0.266230639598 0.50141236906 0.0287272272554
0.23751847251 0.10096094263 0.503741808685 0.043973858821
0.170924514329 0.0186799898917 0.786420288744 0.023975207035
0.300313191135 0.105021984552 0.516254766294 0.0481814282251
0.195992771108 0.0943731535497 0.513721359274 0.0428324937392
0.0496528201381 0.289234680242 0.587557860902 0.0474142664336
0.240115413464 0.192716081267 0.5 0.0558396748135
0.357704322033 0.0593305524443 0.5 0.0483780536093
0.415030226538 0.0296328596547 0.5 0.0475348673717
0.299025291041 0.0757178959795 0.574847725582 0.0504090873972
0.295687493989 3.10011995007e-20 0.659471972028 0.0439627022651
0.143920935808 0.197489385383 0.57708955043 0.0510305172803
0.263375083684 0.138427553931 0.513278544593 0.0454615578855
0.257463087333 0.169085965365 0.5 0.0584984222975
0.219535103807 5.98445483453e-19 0.500652209208 0.0317612834726
8.32667268469e-17 0.251145282057 0.5 0.035582063058
0.175534372708 0.231076839685 0.508736807402 0.0505490614171
0.083713884449 0.288456661543 0.572367739331 0.0554617146768
0.0588460995362 0.386949922388 0.5 0.0542039780757
0.242887447864 0.144305982292 0.500038319704 0.0580764127395
0.140350186399 0.273446173864 0.507748447607 0.0576218452825
0.299882212919 0.123315880953 0.507581221317 0.0607054853912
0.192691922848 0.160825514949 0.5 0.0435643130495
0.00744825463997 0.445031006286 0.5 0.0475207390741
0.0598341497761 0.238843465896 0.510254506442 0.0447602911675
0.00300364690972 0.391440288808 0.515435854463 0.0421696410865
0.370922366137 0.0333901777818 0.512957482041 0.0453454122195
0.00124631278153 0.365893298587 0.58834188261 0.044518506021
0.114670163471 0.257010609778 0.500346119535 0.0557119869318
0.174444950708 0.174337545677 0.510674130732 0.0461133796883
0.0203624493677 0.291509505528 0.647131214916 0.0409968225766
0.108858165264 0.342977130994 0.5 0.0481647037412
0.334200509404 0.0528388605823 0.522093228616 0.0406209007101
0.0788197861133 0.168976951026 0.563974578346 0.0253250237237
0.392132572653 -3.72379373524e-17 0.5 0.040322370098
0.133264540002 0.300571585912 0.5 0.0572252169849
0.208830708625 0.117819855675 0.501927529132 0.03266505643
0.0870069199358 0.328081340593 0.5 0.0545478549691
0.220029330296 0.147651229515 0.577630111016 0.0541083794667
0.00462608288711 0.211616501879 0.5 0.0271700019139
0.276284026117 0.0848658503737 0.545887952382 0.0453560695752
0.287729879757 0.12795590799 0.5 0.0501941730136
0.127835633317 0.143060021287 0.5 0.0270895653331
0.00675117919287 0.33133188187 0.620149173595 0.041767765342
0.326828342539 0.0336100652425 0.521526473956 0.0401637387045
0.321714001131 1.38777878078e-16 0.544153732726 0.0396510560202
0.294927904748 0.00717653607022 0.572233922723 0.0402355216783
0.122538189688 0.0618348537601 0.787700157887 0.0196619514764
1.53374888857e-18 0.442056546878 0.5 0.0579434531217
-1.73472347598e-18 0.415078494492 0.532576330251 0.0435265582051
0.091979739573 0.0318407970922 0.501464129736 0.0123820536607
0.371159307146 0.0566351506989 0.506798135435 0.063192700269
-3.33066907388e-15 -2.33146835171e-15 0.5 -4.66293670343e-15
0.300037081161 0.0448565402802 0.563250830087 0.0395123139247
0.0156462133374 0.351409103887 0.507726528643 0.0432685244108
0.225448040032 0.204907539791 0.509754453897 0.0598899662805
0.118223548281 0.121452340671 0.5 0.0292981793847
0.0137621199782 0.182580721673 0.503749258571 0.0227950648783
0.405897285625 -5.47242967354e-17 0.5 0.051468109265
0.309667751019 -7.64523742385e-20 0.500442916787 0.0458659177742
0.169416062203 0.26798625551 0.5 0.0567534935828
8.41373854796e-05 0.436170459254 0.511270170162 0.0446992801689
0.339449284241 0.0711188949082 0.517375094002 0.0505684417998
0.338468400814 0.0606930490112 0.53614185688 0.0588704714903
0.356204801074 0.0480357843732 0.516304440006 0.0429831973916
0.348772627989 0.0622473916845 0.5 0.0501695375821
0.298626566056 0.00244587272767 0.537050452324 0.0381676620593
0.000166530656807 0.220193490008 0.502906242032 0.0329722240753
0.114936179114 0.329250827648 0.5 0.0558129932383
0.124065310855 0.11905545342 0.5 0.027740503575
0.313671478492 0.105688404005 0.506799928882 0.0582626860396
0.163058458091 0.187890737244 0.572422444857 0.0494643636337
0.32448678407 0.0542229438568 0.5 0.0457261973179
2.59531741403e-18 0.346583979953 0.501436968942 0.0466650663111
0.162309535127 0.271591180776 0.503205014514 0.0628942695832
0.110609910192 0.251742958258 0.512555136206 0.0517805868242
0.116995516471 0.179589791269 0.660189236921 0.043225451967
0.258292146104 0.000784640678595 0.500544726524 0.0388432923079
0.101154342853 0.273978170404 0.50004866472 0.0552640007454
0.240158656141 0.0661547073004 0.5 0.0396370193307
0.215704801474 0.202731299672 0.5 0.0520756771589
0.0146365733038 0.410883020853 0.503551633443 0.0448164570336
0.345807181898 3.46944695195e-18 0.503790030198 0.0368282718264
0.154728857764 0.0327323620361 0.500032629852 0.0187461219538
0.123764876945 0.0331928272977 0.507922417164 0.0156957704226
0.117673062984 0.287437373514 0.511037936939 0.0472337497838
0.161000172652 0.178257463756 0.504512008993 0.0353711867828
0.0597028004141 0.25099172271 0.5 0.0310694523112
0.0355909492396 0.304305487572 0.619578708023 0.0405248551659
3.66373598126e-15 2.55351295664e-15 0.5 2.77555756156e-15
-2.69429956512e-17 0.34939284694 0.5 0.0473781126784
0.321972745346 0.00170451472748 0.635332049813 0.0409906901138
0.0641970790575 0.253987362881 0.5 0.0318184441925
0.413211968966 0.0392679539679 0.5 0.0475200770657
0.214852436249 0.190959663264 0.510347285156 0.0484063710985
0.154272499661 0.168786399543 0.585605801915 0.0448573728908
0.366958901919 0.00327634621864 0.505799455439 0.0371130591574
0.319204185538 0.121677560665 0.5 0.0591182537968
0.18861443677 0.232725527413 0.512600570283 0.0527893035189
0.257796969712 0.169067056369 0.5 0.0557630579442
0.227273185645 0.22050797117 0.506251156743 0.0459676864426
0.196472082558 0.242206840372 0.5 0.0601534830666
8.881784197e-16 8.881784197e-16 0.5 2.22044604925e-16
0.0763477690084 0.261616439319 0.511524520075 0.0464826205625
0.246775676011 0.190846393649 0.5 0.0623779303406
0.130369130677 0.244493271352 0.523859839904 0.0425452908697
0.00237136985517 0.365963388065 0.508964540677 0.0433479567736
0.239881117253 0.18831823959 0.510536037387 0.0565592096733
0.230517292563 0.0619660512441 0.554195812492 0.0346407618913
0.180383650077 0.0913952563337 0.551417172951 0.040754495631
0.303059808228 0.107240648214 0.511597845739 0.0521627852181
0.377893072215 0.00576068595389 0.5 0.0507451550279
0.221403869358 0.208916945486 0.5 0.0629650414192
0.453664946098 1.69550977061e-19 0.500916071812 0.0454189820901
0.303438345503 0.14697052891 0.502934861965 0.0466562636222
0.120350738343 0.272690565131 0.500259110479 0.0576085663243
0.102194820987 0.303599474939 0.5 0.055372445489
0.229439293895 0.188851471542 0.532921889247 0.0487873453151
0.194255988382 0.237925947962 0.5058848892 0.060487280398
0.308045426109 0.0174107614305 0.525444679275 0.0398737086238
0.198016552068 0.23331437143 0.5 0.0571973191339
-4.26904605416e-18 0.424511545294 0.518198934 0.0433748235025
0.0852771887516 0.154035966677 0.523947475034 0.0311657135642
0.327013160049 0.111143476801 0.50464552814 0.0456659022382
0.281957762141 0.124321246207 0.5 0.0510174601927
0.0744064488202 0.180097846165 0.719903801463 0.025591903552
0.261777633372 0.138354977062 0.518533560681 0.046883292353
0.195870005784 0.0805172136743 0.500340069797 0.0332435771005
0.18347393832 0.0326735391878 0.5 0.0227526178304
0.00036885263574 0.317351794163 0.638613848465 0.0436655047418
0.134311870892 0.235558847622 0.5 0.0512221572487
0.0777164852883 0.303712287344 0.509629068762 0.0392728382164
0.0760135253211 0.375777270345 0.501720807094 0.0464883972402
0.4098199242 0.0277424360564 0.506894032076 0.0555436076681
0.0826930618161 0.267766105897 0.520055630561 0.0490627018321
4.99600361081e-15 7.21644966006e-15 0.5 7.66053886991e-15
0.0995572725423 0.316961527028 0.513033532877 0.0555990372096
0.268740441594 0.155508631421 0.510537464347 0.0555642774891
0.217752431333 0.0847121433063 0.501005283695 0.0453555965747
0.0493936492031 0.323676938451 0.512429013459 0.0473774382274
0.158635957847 0.232433967516 0.515995071563 0.046685283529
0.226149712666 0.21508412619 0.513314685351 0.0454514757431
0.237150361345 0.140557112956 0.567897425501 0.0543950999441
8.56302039796e-18 0.314487129637 0.5 0.0406032030573
0.0676912364051 0.323570964681 0.514138563354 0.0474845091711
0.364975217118 0.0707686749103 0.5 0.0642561079713
0.17474818516 0.205592146188 0.501766872353 0.0422607310692
0.000126221585899 0.367611112821 0.5 0.0388890747163
0.273847868465 0.17010808141 0.5 0.0560440501247
0.250554664625 0.0280312371893 0.522830369016 0.0376312372986
0.156154851454 0.277778094943 0.501336255888 0.062699329251
4.66293670343e-15 5.44009282066e-15 0.5 4.88498130835e-15
0.178439570281 0.0135676306922 0.785869701648 0.0221230973784
0.266202357364 0.144206846516 0.508379701373 0.0436905382905
0.217925854079 0.229153457316 0.50668208296 0.0462386056454
1.88737914186e-15 2.10942374679e-15 0.5 9.99200722163e-16
0.2300114844 0.00348661838294 0.5 0.0290200627773
0.140957521963 0.277782322481 0.509504059472 0.0548224898569
0.110419256502 0.106344505659 0.75813100812 0.0251052297182
0.0353352095142 0.0872926796751 0.501030882236 0.0183925535974
0.198689154284 0.230424943306 0.505624669808 0.0637287596236
0.354278118058 9.99502993676e-16 0.5 0.0384797080957
0.159185891723 0.196819428984 0.589722901353 0.0527626252844
0.206665868251 0.170680404178 0.500237083874 0.0566019359726
0.261153435577 0.158536562644 0.522383921707 0.0579260799879
0.351437493286 0.0703692446822 0.513747900061 0.0559549561006
0.305226104623 0.110864438819 0.5 0.0484444203769
0.333486666529 0.106445581106 0.5 0.0600677523645
0.0392313134038 0.265495841295 0.576075944253 0.0318626976543
0.275482771945 0.137262456829 0.5 0.0469542556035
0.0678458514324 0.266612366114 0.535800980137 0.0449533796453
0.436732937244 0.00469713004866 0.5 0.0585699327071
3.10862446895e-15 1.11022302463e-15 0.5 1.22124532709e-15
0.16864419891 0.222521601597 0.513471167601 0.0426274118062
5.31259064518e-18 0.414986960043 0.538854622613 0.0461584173439
0.000256368485787 0.379591319263 0.505964769486 0.0400599632004
0.0393051614723 0.3728056679 0.51767189037 0.0481347428592
0.331056161551 0.0274178450844 0.592604044672 0.0489219409176
0.154393738463 0.0627485724039 0.504433474466 0.0233470020713
0.302118874476 0.000705006953655 0.655574306072 0.0416018124983
0.170799319702 0.0198042888014 0.576868191139 0.0254922921345
0.13153445641 0.285398249765 0.511638806858 0.0505315706533
0.301432771633 0.14759040103 0.5 0.0509768273369
0.206272341785 0.176758746082 0.570129518536 0.0468393860299
5.66213742559e-15 7.54951656745e-15 0.5 1.18793863635e-14
-3.17813466423e-17 0.3034845321 0.573069717936 0.0331770805345
0.0335076327065 0.416407607305 0.5 0.0500847599884
0.189511007382 0.237920699853 0.5 0.0580742695847
0.0276019238288 0.420096874519 0.5 0.0523012014467
0.402748236728 4.49855238206e-17 0.5 0.0411299215686
0.299408305841 -1.58806220958e-19 0.500414007353 0.0441567581679
0.148691492915 0.25370924815 0.5 0.0404254374993
0.065250453484 0.0217360430111 0.686590185152 0.0115728612188
6.2172489379e-15 4.99600361081e-15 0.5 7.43849426499e-15
0.403184552516 0.0304322396874 0.501453325029 0.0649298827676
0.325487481085 0.124418064197 0.5 0.0500944547175
0.335124177838 -5.42101086243e-18 0.561475177102 0.0436377323614
0.365948303222 0.0277393613401 0.519560514685 0.043523859029
0.225971741896 0.228463960088 0.5 0.0455642980157
0.122237895624 0.222314356683 0.61443900096 0.0354878495665
0.179080638254 0.226218582503 0.511349080165 0.0512410611556
0.0182753462394 0.292748209022 0.5 0.0312114010085
0.210055125691 0.215220338407 0.510748166426 0.0633809235755
0.258886830996 0.168811257347 0.5 0.0535735339255
1.11022302463e-16 0.224304281288 0.550081712134 0.0322770842998
0.28071778696 0.11857297179 0.526005541654 0.0423721770704
2.86244466229e-17 0.444600453127 0.5 0.0453414518409
0.284037199949 0.138242270394 0.5 0.0595320154184
0.231843298434 0.0673549721 0.513798290488 0.03967875569
0.012240847167 0.405468694279 0.519255467099 0.0588372444098
0.280865756226 0.155666136835 0.5 0.0583078744191
0.0273934487838 0.331372283172 0.571702161052 0.0377366248785
0.420048419547 0.00320436948076 0.5 0.0613514942839
0.0373783693086 0.36612107898 0.528798820128 0.0429373139343
0.0100434179489 0.207510206891 0.5 0.0232626091969
3.83949518205e-17 0.442375798596 0.5 0.0452384516216
0.442946673778 1.66533453694e-16 0.5 0.0570533262221
0.444794715389 4.12864187282e-16 0.5 0.0552052846106
0.130712772607 0.28473615487 0.518865678295 0.0523066112688
0.138416901514 0.254411272154 0.554242592523 0.0529292338099
0.0720629028716 0.299976422351 0.584390938481 0.0435697362973
1.33226762955e-15 6.66133814775e-16 0.5 8.881784197e-16
0.124881067133 0.290787992372 0.510486073856 0.0569864142696
-1.47054626557e-20 0.429786168422 0.501768044624 0.0644655549216
0.131085154566 0.254111019939 0.574874252728 0.0399295727668
0.12476093652 0.190339793972 0.521189488848 0.0406379860664
1.57651669497e-14 1.24344978758e-14 0.5 1.65423230669e-14
8.6721423468e-17 0.349801369714 0.5 0.0369032739423
0.262831840949 0.162178179015 0.5 0.053053101426
-1.36922848776e-17 0.379532297948 0.518250152525 0.0533301579999
0.167646809389 0.264001532594 0.511546022744 0.0568056352729
0.0890908861943 0.218089226325 0.649182004527 0.0436378829561
0.293501323156 0.0775225437901 0.5 0.0415630919434
0.172809561102 0.267688947756 0.5 0.0595014911419
0.309835528166 -6.69003154327e-19 0.531255965425 0.0431932020117
0.0308258545867 0.401630281886 0.500022559496 0.0640900080141
-2.99760216649e-15 -2.6645352591e-15 0.5 -4.10782519111e-15
0.043862790671 0.262335347124 0.602753743372 0.0306205591935
0.186677930525 0.125769110741 0.500000281513 0.0468668762935
0.0154787014627 0.242681147489 0.585996847548 0.0365803918736
0.240409238249 0.17715394909 0.513887315449 0.0569708771393
0.148233147921 0.299888959384 0.506084439255 0.0457934534405
3.28089146759e-19 0.297061269913 0.507318978484 0.0424940704642
0.129680506924 0.285983325025 0.5 0.0597708887099
0.199856537839 0.000237932561255 0.5 0.0234001117865
0.0952509544128 0.151909881897 0.600195430979 0.0262297013163
0.0526304964424 0.0588956477062 0.863580323242 0.0167009239594
0.224453553902 0.15439581456 0.563830951727 0.0567897947626
0.295533484024 0.0988456093497 0.51151444263 0.0409663477473
6.66133814775e-16 -2.22044604925e-16 0.5 2.22044604925e-16
0.270933493063 0.132156197752 0.542822058606 0.0540882505795
0.266354954958 2.63385323218e-17 0.5 0.0275198066356
0.162169649914 0.195583027411 0.573625211465 0.0521463224688
0.147178208243 0.287861462402 0.5 0.0583659401346
0.259605157208 0.12435750609 0.522552979821 0.0388506308406
0.149597913601 0.190681231584 0.5 0.0388284945562
0.135818746483 0.14931307122 0.640978726298 0.0313389181325
0.00766133867476 0.412420567238 0.5 0.0444400140719
0.01900865991 0.207435392723 0.68038644867 0.0314478000523
0.437496473821 5.04680162292e-17 0.5 0.0625035261789
0.00245778450855 0.352893782895 0.598526328759 0.0461221038383
0.133245241104 0.280077639769 0.5 0.0416131483032
0.209331133183 0.20994547119 0.5 0.0521944100468
0.126148878216 0.278181150691 0.510267317403 0.0411212545541
0.257981661345 0.166854074952 0.510813986423 0.0551042863335
0.174489300723 0.258791977175 0.5 0.0524586704292
3.74081899534e-05 0.349512301185 0.5 0.036097792965
0.107843884658 0.215625317981 0.518970943357 0.0419255100289
0.0360292965338 0.331760854909 0.520750383809 0.0473507351499
0.437880560526 2.43223898964e-17 0.5 0.0621194394735
0.170151475697 0.232039375853 0.547107631 0.0507015174504
0.077322928151 0.196350749637 0.525577502093 0.0332147032136
0.15137631604 0.283939650651 0.506908764926 0.057775268382
0.0747943547445 0.312102438373 0.519931548636 0.0398603944683
7.79906286341e-07 0.3901618504 0.5 0.0391362505084
0.0035158165487 0.222308613894 0.501666423098 0.025635269543
0.155654782973 0.197562972285 0.513795939442 0.0497482275613
0.0752554588522 0.257132418211 0.611701270761 0.0495212064313
0.0959383443148 0.0105468068318 0.540361781274 0.0106485178085
0.31274641048 0.00364267154367 0.642040917716 0.0321122103384
0.300834036832 0.115747258564 0.506937092388 0.0623876580887
0.197039036284 0.152261841938 0.5 0.0445365822858
0.0162850938391 0.32809854508 0.552815867444 0.0497570921871
0.159424548715 0.257707153879 0.50864584355 0.0567034935664
0.262974487967 0.162980837136 0.507102003401 0.0603885710992
0.0511944875696 0.204040140248 0.529250971385 0.0375772294885
0.25055435865 0.178292647223 0.5 0.0572003210241
0.34446196856 0.000811834275853 0.6090900983 0.0456360988638
0.328231689772 0.0598098467869 0.5 0.0451237549997
0.134855422523 0.11187724312 0.5 0.0293788005321
0.0610797241603 0.33572604241 0.503072924986 0.0591906242346
0.232389053975 0.189057680875 0.516044038287 0.0510250916112
0.0100426442157 0.364770570295 0.568118841334 0.055705864923
0.177281136278 0.0595142198995 0.574559381846 0.0265815359718
0.0691097163358 0.253825950239 0.521277541615 0.0424876837715
-1.55431223448e-15 -1.22124532709e-15 0.5 0.0
0.0524720275964 0.34509292776 0.537366260153 0.059536716586
0.336578310884 0.0629090008862 0.514098241511 0.0447600837485
0.207595016946 0.159210421132 0.549983697517 0.0549740876984
0.0205505368495 0.342886880509 0.530052234034 0.046893616666
0.00188578251575 0.40775166815 0.5 0.0602250046323
0.0565856439768 0.376070047237 0.504799325045 0.0625449837405
-4.30211422042e-16 0.420354112795 0.5 0.0603293890949
0.322404752411 0.0756731671585 0.512587991651 0.0429878240615
0.224931365038 0.189342926319 0.511280156008 0.0532624603241
0.323076785927 0.0725584791811 0.514035377021 0.0430101565259
0.274364035687 0.0406568994089 0.592918844037 0.0425969050989
-1.41553259012e-14 0.454183280657 0.5 0.0458167193425
0.236071417773 0.168762478279 0.519349226121 0.0422914830618
6.70592859411e-17 0.43746666939 0.5 0.0625333306103
0.357336537117 1.47891626046e-06 0.5 0.0359271340511
0.390932941191 0.016338083307 0.5 0.0455456835337
0.00139452485441 0.370783770679 0.500185465142 0.0551072603783
0.224500089993 0.106145989831 0.564667708727 0.033067019153
4.85722573274e-17 0.297891629786 0.5 0.0421038208871
0.0177014717069 0.400810981328 0.5 0.0482066199203
0.251649678434 0.177581709693 0.5 0.0631329342725
0.219135305137 0.0693243330334 0.502843168041 0.0327700154173
0.104669505843 0.194204219767 0.500012512569 0.0298873725505
0.17310572233 0.263207357545 0.5 0.063686920125
0.33367743331 0.0850173045962 0.50946675996 0.0538001089151
0.188286575006 0.232471774518 0.526113686549 0.053127963927
0.180229201612 0.263337258398 0.5 0.0446942718198
0.190671700779 0.239548092789 0.506026832045 0.0637533743871
0.220838002716 0.0426424494033 0.591890758666 0.0394866716951
0.0665228277859 0.347983157317 0.5 0.0505893208681
0.0839106619639 0.342029899582 0.510608016983 0.0570106865525
0.1176373713 0.331107847689 0.5 0.0512547810108
0.214243083741 0.162330919579 0.5 0.0496621880191
0.311880527712 0.06438157641 0.567362502663 0.0563753932151
1.56493145042e-16 0.353405623775 0.5 0.0359453291211
2.42419355063e-16 0.420282883833 0.5 0.0451615320817
0.162436749043 0.257739356718 0.510737043834 0.0553683098345
0.236211180167 0.0337706499024 0.634751211994 0.0296783085585
0.000700429830282 0.311620013778 0.507240510666 0.0432721095761
0.294323208952 0.125676693818 0.509160137016 0.0549016635875
0.103540400021 0.310429581423 0.523666252754 0.0620410012465
0.00570730375426 0.276767664996 0.5 0.0423711932947
-2.21120556741e-18 0.391352776131 0.546963214075 0.0568387198565
0.0283118647124 0.259047824848 0.516218942847 0.0423601835222
0.234935938653 0.198643823083 0.5 0.0645501196115
0.053368253385 0.302730014587 0.513049991419 0.0435365089713
0.368416373095 0.0327337291904 0.509802773516 0.0485738674539
0.0530867836317 0.313812273202 0.548907209404 0.0548710551918
0.219478921661 0.197220532462 0.518443444694 0.0622817527306
-4.85722573274e-17 0.358815617679 0.5 0.048620965983
-5.66213742559e-15 -2.77555756156e-15 0.5 -5.66213742559e-15
4.4408920985e-15 4.32986979604e-15 0.5 5.88418203051e-15
0.199345661982 0.221049091564 0.5 0.0517520501726
0.336574573759 0.0831161961195 0.5 0.0584258679398
0.123930093223 0.0994879238273 0.5 0.0312467632807
0.343028683884 0.091605727308 0.5 0.0516883423117
0.00515043204432 0.295106524516 0.539489673449 0.0375276358053
0.264081167206 0.0111919563029 0.529827263633 0.0317772529052
0.248916444685 0.189958147074 0.5 0.0611254082405
0.286023818582 0.0923174557935 0.577470728115 0.0441879975095
0.0869765224991 0.318956020977 0.5 0.0428918920836
0.225928493359 0.214561847185 0.5 0.0595096594559
0.0169214831819 0.428216588082 0.5 0.0548619287361
0.154135541049 0.172206712756 0.504220673784 0.0327130368806
0.356446065122 1.25650729154e-17 0.548125310671 0.0475248165807
0.108359816274 0.13281655708 0.727885626706 0.0309379999403
0.384615086498 0.0381092558164 0.516112986306 0.0463194839493
-1.56125112838e-17 0.33771502458 0.516856402194 0.0370352450314
0.000264522683714 0.35897124156 0.502108297536 0.0375691766723
0.317182743961 0.114521109308 0.50849517597 0.059800970761
0.173253901499 0.242621657713 0.5 0.0495091883518
0.263910586635 0.000155768956596 0.5 0.0286183402768
0.294639035699 0.105236690926 0.518287557455 0.0464723650105
0.2763327242 -4.88588122622e-18 0.506970581493 0.0321277504451
0.0634936734068 9.79170087026e-19 0.500002494249 0.00952161254269
0.391762354384 0.000514471145795 0.503468050104 0.0429728906003
0.165545253074 0.206304720462 0.575584818462 0.0523939829841
0.272727507924 0.148199438477 0.50840039465 0.0572486496611
0.238516347955 0.112188049122 0.5 0.0459121527231
0.373708799865 4.11597111374e-18 0.553611807521 0.0534522290625
0.425190512025 0.0172820075317 0.5 0.0575274804437
0.211749142361 0.234819493397 0.5 0.0534313642419
0.0154525325694 0.352220399021 0.500063534726 0.0542750828756
0.287168845956 0.116689244188 0.540360794159 0.0557811156964
0.144519533455 0.212954352769 0.5 0.0467117609375
0.251208190936 0.0939111332209 0.513606458985 0.0475418495038
0.00310341133438 0.199527988326 0.625431488473 0.0278139277529
0.358329831719 0.0542078781787 0.54180782257 0.0412537700317
-5.63785129692e-18 0.36364160769 0.507796948733 0.0441900076202
0.316085761887 0.0910050082692 0.511484467234 0.0483551347913
0.452866449349 2.96516783939e-05 0.5 0.0471038989725
0.144910967979 0.209665358884 0.605940688959 0.039482984179
0.344052190197 -5.89805981832e-17 0.537681100396 0.0502301172452
0.102169120324 0.315825642305 0.510391682281 0.0541948372829
0.00387914244346 0.293762598215 0.508050611197 0.0326567594021
0.414321996928 0.0149055199597 0.507786446164 0.0629860369484
0.232550547537 0.195333141527 0.51503675998 0.0570795509558
0.18668881089 0.205734087366 0.567333096846 0.0402440048987
0.207972507946 0.223098228229 0.5 0.0606550718142
0.000183276971596 0.305832847892 0.5 0.0328207723805
0.100306001771 0.192217175934 0.671122915206 0.0363539070891
0.0137613329941 0.257668459909 0.500089528027 0.0407117504275
0.277127865332 0.135550600597 0.5 0.0575431757895
0.0427947509655 0.321194144396 0.59041648447 0.0455946201687
8.881784197e-16 9.99200722163e-16 0.5 4.4408920985e-16
0.273180573434 0.0277605129118 0.512383465284 0.0450505136865
0.305910193304 0.0507484818808 0.51585192499 0.050736614155
0.022225706627 0.42930096344 0.5 0.047102011653
0.270912840425 -2.77555756156e-17 0.532020979147 0.03711159081
3.33066907388e-16 1.44328993201e-15 0.5 6.66133814775e-16
0.121295697117 0.237831208129 0.508166005599 0.0538682508819
0.139130432065 0.0585963353627 0.542220010182 0.0291970216372
0.26945785931 0.170210703189 0.5 0.0603314375004
0.038956095796 0.358029719464 0.516206195363 0.0444879473147
0.00127390218172 0.434856289741 0.5 0.0638698080775
0.371652881299 0.0192253240445 0.5 0.0573929172034
0.00827462443303 0.35386273027 0.52118794145 0.0424745175244
0.310539808014 0.0244327306702 0.625816164381 0.0392112969348
0.241944126187 0.0792906712 0.560779048532 0.0324596770132
0.307022649776 2.3702875548e-05 0.501830246544 0.0460363162345
0.223362059928 0.016059312954 0.613135519162 0.0260914387513
0.0746724724963 0.212242933934 0.683664349416 0.0294202277989
0.435308674682 -6.38270709465e-16 0.5 0.0646913253179
0.162278157106 0.102285015138 0.5 0.0362889519945
0.183109867498 0.195209207388 0.511541319158 0.0449024204014
0.0305979253464 0.254536784987 0.557792555703 0.0302086088942
0.428533866323 3.66120699842e-05 0.501212989345 0.0451290470992
1.76523889106e-17 0.326981189729 0.5 0.0380002182072
0.210614515424 0.227808350075 0.5 0.0615771345011
0.186240993292 0.12014423966 0.5 0.0306385232948
0.120643459052 0.235902106899 0.582406587331 0.0419009518496
0.270676902814 0.073132697206 0.5 0.0507467743118
0.187311035744 0.250780206539 0.5 0.0594873045253
0.289623886824 0.0657564180287 0.600196271262 0.0444234238856
0.309132915789 0.141653211638 0.50125533511 0.0479585296863
0.179207265285 0.245807011454 0.5 0.0535951770875
0.0827736315945 0.322327748251 0.515075166663 0.0490871139547
0.434209475512 -5.0154245488e-19 0.500275888515 0.043831691898
0.0386610100797 0.24310351323 0.610867845468 0.0388280787881
0.365424903277 0.0389514294208 0.51199857049 0.0524156582271
0.158010980455 0.0448875309881 0.5 0.0234322893364
0.38573536306 0.0391136680654 0.515021830872 0.043353383107
0.205364376822 0.241751452562 0.500661747746 0.0522224228703
9.99200722163e-16 0.0 0.5 4.4408920985e-16
0.0843664488177 0.203314994707 0.505243443962 0.0431300912589
0.223755169936 0.171075104301 0.517010364684 0.0426966614337
0.056678661689 0.379830277337 0.507995372251 0.0474571791528
0.152846999092 0.282344558426 0.5 0.0648084424821
0.00858521873829 0.273078179327 0.519138060134 0.0376403054873
0.0350112637692 0.222061940676 0.627514577877 0.035390338
0.428481056953 0.00692778186749 0.5 0.0645911611798
0.106823510456 0.290769291952 0.509578005685 0.0454400356779
0.138569716261 0.136357659156 0.502863166988 0.0410829267338
0.423122491276 0.0154596796971 0.508697131309 0.0457894519914
-2.45770801231e-19 0.190556830548 0.506044879926 0.0231862157869
0.139238646745 0.141148509224 0.526197813049 0.0308989797998
0.387022472263 0.0275175786401 0.508512369339 0.0609671148941
0.277303658059 0.127207816523 0.51442925372 0.0539056008088
0.189568170317 0.24095903193 0.5 0.0570843364765
0.0735892091797 0.371974952617 0.5 0.0531588653546
0.0418218421366 0.280986685781 0.557802222961 0.0322966743529
0.257594702764 0.169949593259 0.506566105248 0.0615897612404
0.320986766011 0.0985522256736 0.5 0.0554327739439
0.0774798836902 0.139061507849 0.619299210641 0.0246421225716
0.316232348144 0.0769173512035 0.519269882041 0.0424052219287
0.207346153156 0.233731219941 0.5 0.058922626903
2.22044604925e-16 6.66133814775e-16 0.5 1.11022302463e-16
0.0500334613334 0.385152579855 0.5 0.0648139588113
0.130755557818 0.109717440241 0.5 0.0278953737222
0.0934628457962 0.301790591208 0.520105568442 0.0440102311558
0.447237124252 0.00211397860023 0.505650453725 0.0449984434234
7.32747196253e-15 5.44009282066e-15 0.5 8.65973959208e-15
-4.51545601023e-17 0.437813278586 0.5 0.0621867214141
0.142647613481 0.107089641546 0.617165945191 0.0249835038978
0.225767078463 0.184784288218 0.509215057697 0.0548891481943
0.159466543336 0.144184566069 0.5 0.0361881508102
0.286927040999 0.124173852038 0.513923118837 0.0511332178009
0.173558579651 0.125350981793 0.5 0.0373720002051
0.136291503474 0.234384445168 0.520307660347 0.0459485912361
0.257990166559 0.0343058998019 0.520723753613 0.0376980300779
0.140440918189 0.298647536955 0.500379224857 0.0605323199987
0.103774356099 0.212896724867 0.510455583678 0.0372565984051
0.282478249831 0.132980091166 0.5 0.0517049392068
0.1609143543 0.163303778039 0.5434017231 0.0377389974435
0.09963201936 0.0758694348066 0.758058069433 0.0186120085981
0.0807488824435 0.228221040919 0.524578369696 0.0431311691172
0.207433596055 0.220002305843 0.5 0.0596171382108
0.382721385816 0.0534206937099 0.500137950493 0.0622590216481
0.385813969713 5.58794091973e-17 0.5 0.0387016320498
0.0695290653214 0.346233803566 0.522271085949 0.0597601662061
-7.84017044983e-17 0.427986997109 0.502049451186 0.0544599078608
5.00504828658e-18 0.366898916059 0.540282622814 0.0502403128574
0.204257250589 0.21702279025 0.509226684053 0.0556889198684
0.111600606358 0.303948497294 0.5 0.0502562930631
1.44328993201e-15 1.33226762955e-15 0.5 5.55111512313e-16
0.00999055738608 0.157741111368 0.5 0.0168674792609
2.22044604925e-16 0.442555313009 0.5 0.0574446869912
0.240592075081 0.203952067761 0.509945009005 0.045510848153
-1.73472347598e-18 0.344646048497 0.500221041999 0.0471637669331
0.426676091902 0.0140350353372 0.50952227618 0.0462865617042
0.454100540948 1.36867151852e-15 0.5 0.0458994590519
0.246513229763 0.184905248598 0.505562960399 0.0630185612398
0.339739830817 0.0705452273111 0.51322366002 0.0528086206273
0.0140866634095 0.392005379882 0.527343113863 0.0411656266996
0.231042623036 0.0357000513111 0.502267559581 0.0400011814978
0.428381669641 4.161167938e-16 0.5 0.063702908942
0.181064083696 0.271090249887 0.5 0.0478456664173
0.103359144163 0.260525253381 0.5 0.0374731821988
0.358581810254 0.056110069639 0.516435021771 0.0536722708121
0.370530300537 0.0214208329639 0.5 0.0452226010248
0.221525029101 0.213257543435 0.500000042239 0.0652173815082
-4.4408920985e-16 -4.4408920985e-16 0.5 1.11022302463e-16
1.06476743573e-18 0.420321332944 0.503030850711 0.0629526302697
0.0158595310638 0.415995538623 0.510927053912 0.0456849311683
0.170596197668 0.193801991876 0.500294013417 0.0532790183003
0.148424410326 0.114899954866 0.527727943718 0.0299391293707
0.240955206327 0.095852800372 0.532077258024 0.0501354571965
-4.95027075725e-19 0.218754408007 0.5141162196 0.0228986094793
0.372245805984 0.000145981200468 0.500390281828 0.0387792580893
2.22044604925e-16 0.354914250215 0.5 0.042035855047
0.259594519758 0.134777523925 0.54164779898 0.0583866250335
0.233836618811 0.214992579085 0.50499486873 0.0461759333743
0.188943618767 0.16404399885 0.517649441584 0.0495217515483
2.10942374679e-15 2.33146835171e-15 0.5 4.66293670343e-15
0.22544392737 0.203880558049 0.5 0.06355064896
0.264978669457 0.0312871552382 0.565534713201 0.032748731766
6.2172489379e-15 7.54951656745e-15 0.5 8.10462807976e-15
0.179347556415 0.257272977345 0.5 0.0570910108533
0.407503318292 9.2661658206e-17 0.5 0.0417208419646
0.000198969374829 0.298075728165 0.5 0.0326921750774
0.176593875421 0.23274812511 0.511159219989 0.0514428332613
0.267465156999 0.140945827151 0.5 0.0605131540839
0.213641102464 0.18449800765 0.557223725566 0.0446371643201
0.174495150432 0.189329749146 0.583513096215 0.0526620042065
0.125196992333 0.262372258633 0.501953185904 0.052205366378
7.448354747e-05 0.235489384874 0.5 0.0257157948598
0.218141915664 0.1859920693 0.512359512282 0.0464644909749
0.18657684511 0.225811153391 0.5 0.0423105255808
0.35195047379 0.0236149165316 0.51801291337 0.0447602382015
0.0191096428895 0.104844700504 0.5 0.0123954343357
0.20399919518 0.00104729683313 0.569277119253 0.0235997323086
-9.59504913692e-17 0.413996989427 0.5 0.0424617020027
0.157684347053 0.154757955332 0.556771345747 0.0447361306298
0.0409068060731 0.0916908076507 0.824530978862 0.0191468876311
0.105807455625 0.310251193362 0.521972802249 0.0619685487639
0.268353575204 0.158500671759 0.508667502232 0.0589022842641
0.308286031874 0.0315946175921 0.504140334309 0.0507611704969
0.00877769175966 0.328653456146 0.621215967923 0.0413528841716
0.179923486762 0.132575567937 0.583621084474 0.033037825882
0.266221125249 0.181870813144 0.505883762298 0.0460242993086
0.17184053892 0.0265795129042 0.776774589388 0.0248053587878
0.338993782272 0.004952560822 0.513713410948 0.0395595787401
3.26663128495e-05 0.376209818768 0.5 0.0394353922278
2.33146835171e-15 1.11022302463e-16 0.5 -4.4408920985e-16
0.133513982538 0.282088080893 0.518309049179 0.0512893229209
0.167118203959 0.117945467318 0.502990246816 0.0427358071172
0.0373460886962 0.133677022599 0.5 0.0176104675629
0.441048713582 2.24684943372e-16 0.5 0.0589512864185
0.222753893965 0.201842089392 0.508482476402 0.056064419235
0.316926116803 0.0 0.512204528622 0.0412878233788
0.395452152216 0.0231462348044 0.508589780986 0.0440746069322
0.28065365045 0.0706761639385 0.516783421706 0.049350007234
0.116244469936 0.290230104685 0.508914792657 0.0477545324971
0.186736814736 0.248364472602 0.5 0.0648987126624
0.179357228913 0.146009244515 0.52703210672 0.0425836724223
0.128835246739 0.237343667824 0.516252971153 0.037626087028
0.121924634725 0.296080026205 0.504866157292 0.0581681855032
0.365153988114 -3.04671954898e-18 0.521581250936 0.0427680908312
0.296253686855 5.94244445125e-05 0.540509457409 0.0408288722224
0.120164950437 0.288052620163 0.506782904346 0.0499119243582
0.000831766116619 0.443765123688 0.5 0.0450278765024
0.262576396976 0.161238558266 0.510150255872 0.0559776136908
0.273652699608 0.144255512547 0.5 0.0576734438337
0.229929688646 0.221384755073 0.501045567659 0.0476399886211
4.90977308372e-18 0.201927259781 0.592723202154 0.0283735876081
-1.21679368471e+17 -3.83676611116e+16 -4.8802997247e+16 -2.01090400133e+16
0.176842919144 0.062649168401 0.581347284055 0.027209577912
0.00555378622804 0.122632103536 0.500137182645 0.0192274108164
0.129810274766 0.203772409578 0.606021188013 0.0494926804075
0.236422464077 0.208974350676 0.5 0.0546031852471
0.222377040804 0.222304146831 0.509925302134 0.0453935101944
0.01119194042 0.361756864592 0.51596157814 0.0495175345294
0.00280073205082 0.114795198989 0.503163836376 0.0176374182652
9.99200722163e-16 1.22124532709e-15 0.5 8.881784197e-16
-5.38255283383e-18 0.275159028336 0.508006302363 0.0392598927725
0.0424086393961 0.380408889419 0.519734961324 0.0462748346092
0.0993689756232 0.226235658105 0.502322886896 0.032580847657
0.060038890216 0.340250847617 0.518464112968 0.0410732528092
0.258976772958 0.188261334427 0.506853765251 0.045908127338
0.23943043575 0.212942386626 0.5 0.0476271776241
0.438062046181 -1.67791011534e-16 0.5 0.0619379538188
-8.881784197e-16 -1.7763568394e-15 0.5 -1.66533453694e-15
0.39105875281 0.00499947749346 0.509072322101 0.0545838658597
0.0977026186755 0.326368939962 0.510843823126 0.062624596792
0.134012614967 0.276404682377 0.509912569362 0.050919118485
0.328268035012 1.90566974077e-05 0.5 0.0359998486345
0.0701043662376 0.311027697656 0.576486338949 0.0423815971578
0.305355597628 0.123633938936 0.506883163391 0.0631484016574
3.67760676986e-17 0.361207835805 0.5 0.0537107609428
0.0248522115792 0.423325469109 0.502072396 0.0468352201479
0.168829976839 0.0798384184791 0.54443172942 0.0371706979184
0.339028904671 0.0679814906194 0.552278696917 0.0407109077926
0.0342308177324 0.224047100626 0.514542947994 0.0386673413509
0.369279452681 0.0673925358409 0.5 0.063328011478
0.0772012616196 0.1989038902 0.529333642344 0.0344910394495
0.0238643470546 0.399874478918 0.51756982843 0.0460594647877
0.293937152432 3.16979867916e-06 0.5 0.029955361796
0.0979906599691 0.304277529228 0.524111621715 0.041879180538
0.397164655065 0.0543145388964 0.5 0.0485208060383
0.124557381211 0.280925542991 0.533052781053 0.0408091378712
0.0523611071325 0.352768186436 0.525305812678 0.0438297634274
0.186388518101 0.203619257049 0.5 0.0517485634391
1.22124532709e-15 4.4408920985e-16 0.5 3.33066907388e-16
0.302986073606 0.107499199135 0.513270283013 0.0528731339049
0.322015222484 0.104235194175 0.5 0.0538329428766
0.388202321698 1.1867588531e-20 0.543964357336 0.0568333116039
0.0470756890785 0.250104186454 0.515159964302 0.0433456409242
0.411609305667 0.0270112042892 0.500902692281 0.0450845103978
0.0939166334279 0.0228021306538 0.5 0.0116718764087
0.214164015826 0.232695001922 0.507028814299 0.0461121679524
0.35395085671 0.0454834624519 0.52382386078 0.0469306330191
0.199480197684 0.247620441691 0.507132758364 0.0457666022621
0.0602083162301 0.340308596265 0.558637012565 0.0408460749394
0.179182958832 0.244805343169 0.510141347435 0.0563059686267
0.29381237406 0.10684813945 0.510114976485 0.0473694547099
0.377762635704 0.0598670697049 0.509397426275 0.0449422914602
0.346958789186 0.0625537838407 0.5 0.043284236084
0.249319580587 0.177010581771 0.527911132974 0.0451726812727
0.323428512317 2.08166817117e-16 0.502190197872 0.0383622735775
0.062222031927 0.364125189716 0.516022483929 0.0552043017594
0.105250133343 0.311111543059 0.5 0.0560121477325
0.00506713484504 0.243067750593 0.5 0.0285535085014
0.433175370207 0.00924334300342 0.509636081823 0.0454766334044
0.19646235702 0.221548732724 0.508982396924 0.0543387745138
0.198727583074 0.177063421051 0.520344221293 0.0435024280439
0.21031115137 0.207879338959 0.522893994661 0.058915515011
0.232722551526 -2.77555756156e-17 0.50448441766 0.0246266354297
0.344765146188 0.10550945085 0.502738860836 0.0459553590013
0.102535574317 0.270403671235 0.553393046843 0.0427548003408
0.261549039315 0.101392987443 0.500555119683 0.0544310673298
0.32317308273 0.0969722068048 0.518601515388 0.0532323317664
0.158597766235 0.182373210994 0.57435369551 0.0466334391055
0.281877061712 6.50521303491e-19 0.519193022185 0.0315585073588
0.181153965915 0.0976128282799 0.515580083364 0.0329901000901
0.0782226963448 0.363559930226 0.5 0.0582173734289
0.133885966575 0.0424396031172 0.5 0.0230119930448
0.283003594845 0.00434518547132 0.511413841244 0.0317345242691
0.216419153961 0.093300492131 0.532854819082 0.0460613507295
0.399996445064 0.0247016223535 0.5 0.0461368580845
0.0689376819701 0.26031160968 0.591438787299 0.0329759761601
0.123077088241 0.280961668963 0.51062935128 0.0498601529599
0.0127129755259 0.190779263187 0.5 0.0239748766548
0.0891652914248 0.187555747489 0.511552556989 0.0414387412248
0.124959491007 0.241115977607 0.523001840914 0.0469537483758
3.44169137634e-15 -6.66133814775e-16 0.5 7.77156117238e-16
0.18778307529 0.212788446133 0.509208308846 0.0437526121966
0.0875245019786 0.361159918999 0.5 0.0513155790219
0.0326473307566 0.359616719402 0.5 0.050869222312
0.194455182532 0.243456116109 0.5 0.0516379811007
0.264182186667 0.142259571402 0.545234394796 0.048323847135
0.202291465714 0.234178951963 0.5 0.0635295823229
0.156956672345 0.132433284318 0.5 0.0342962800601
0.0474099828909 0.329359374086 0.500001195877 0.0565146833042
0.330834042921 0.104745024907 0.5 0.0644209321714
0.11479099093 0.28890487914 0.5 0.0535215651222
-3.51024350276e-17 0.326978849298 0.549191376008 0.0393345990398
0.39353752681 -3.39532160081e-15 0.5 0.0474935735223
0.0607476175428 0.0501602066929 0.876094716028 0.0116497315529
0.101176051686 0.333191444027 0.5 0.0630538023208
0.372353205866 0.0671708426303 0.5 0.0577455788984
0.247100036467 0.200384437945 0.500000000324 0.0525155224752
0.298659739238 1.06598081235e-17 0.592384928614 0.0367165077543
0.325362770771 0.00487329452882 0.625710154667 0.0338571636729
0.118642241178 0.0266351235143 0.500161484597 0.0217911906153
0.245708102737 0.200865675208 0.507748594235 0.0456776278199
0.0377424546941 0.231771505893 0.612451226788 0.0276369016901
0.352615441275 0.0525562987296 0.511053123 0.0476714171783
0.443419249102 0.0026243914788 0.506421460225 0.0475348991934
-1.04621302594e-17 0.31937742941 0.530023287559 0.0381794076731
0.181360190539 0.229416924658 0.543409608015 0.0458132767879
0.0116845123335 0.261797855571 0.5 0.0312546282316
0.131846050151 0.291019717967 0.508565279463 0.0572869261378
0.286789269355 0.0340049818991 0.511520235153 0.0401451271939
0.253904235139 0.0222305847672 0.593132509129 0.0299823773483
0.231312462759 0.153962860048 0.502531898697 0.0400807536637
0.187558443454 0.242187968955 0.51069286985 0.0595607177409
0.243802960529 0.0314260055253 0.57151941999 0.0318770046135
0.289452091625 0.156178212879 0.5 0.0543696954958
0.235072513578 0.200117079982 0.5 0.0631707947632
0.0698124235366 0.326443197772 0.500113508812 0.0585835479133
0.391338038157 0.000686421475757 0.503747718616 0.0453521297478
0.324683191868 -6.93889390391e-18 0.5 0.0382598148507
0.120110276674 0.0677639448864 0.509895138349 0.0253051407658
6.0177827883e-17 0.40704476588 0.5 0.0412260902809
4.73534553306e-06 0.375854830902 0.503770151284 0.0381946217731
0.409236457644 -3.35021453774e-16 0.5 0.0602388103534
0.348365993476 2.42367278614e-17 0.5 0.0360882755113
4.00772755065e-18 0.328998902731 0.5 0.0395626840528
0.03841659319 0.309480520802 0.54540066222 0.0473745721664
0.0343812429836 0.165034849035 0.772895409066 0.020254774975
0.254879926491 0.192274893116 0.507194569504 0.0456506108897
0.0467533146337 0.389755593741 0.519424311461 0.0440667801649
0.187951954738 0.128902134338 0.5160754117 0.0414772508563
0.223675219455 0.204744309312 0.5 0.0608543954369
0.1455222937 0.308015305555 0.500089575388 0.0463728253578
0.263588104238 0.183713868548 0.503379921659 0.0462797918987
0.372007073278 0.0615803981078 0.50852594994 0.0578865786421
0.185906099408 0.0669337190744 0.555511754905 0.0282200446308
0.242101622743 0.113373972972 0.510355459698 0.036058774947
0.337399374827 2.70616862252e-16 0.533070054452 0.0498750631713
0.452516161408 6.73488266259e-16 0.5 0.0474838385923
0.232753589727 0.198721799863 0.5 0.0608824119011
0.13589291518 0.292531070284 0.5196197242 0.0519562903356
0.090901481854 0.073061457244 0.545891539503 0.0164544071473
0.0918806043634 0.345987961989 0.5 0.057191147565
0.0610267802723 0.292811062095 0.60564178827 0.0405203693626
0.406953223507 -1.73472347598e-18 0.5 0.046778011316
0.0932737907436 0.323341336699 0.516493786531 0.0524012791632
0.211024360296 0.212358368794 0.509140406935 0.0603333776388
0.143590632259 0.211518447367 0.5 0.052852685553
0.186082645295 0.142219235768 0.576781338603 0.03322066287
0.0109608714706 0.432940294516 0.509570705903 0.0459728894169
-5.83538627448e-17 0.409907541718 0.511284845401 0.0532540149316
0.159398857705 0.257506314905 0.52809630592 0.0498341028842
0.246751511963 0.195509842877 0.5 0.0577386451594
0.201989369682 0.24562579295 0.50672020044 0.0456646369286
-1.83241717994e-18 0.306265180005 0.502688193036 0.0447620966106
0.328490172343 0.00344282516873 0.525585950665 0.0462512298532
0.246009730879 0.117506024458 0.547389408894 0.0438088789245
0.398949763386 0.00028681511087 0.509837340503 0.0407991129085
0.0374638705374 0.123797271239 0.80112587344 0.0162295363807
0.068682289127 0.291726651615 0.512120626333 0.0514590394383
0.192627038781 0.242262098605 0.500001147499 0.062737509352
0.0794998011805 0.26751197364 0.516305152144 0.0477103406463
0.368031416463 0.0734555629192 0.505680538107 0.0442864125153
8.7083118494e-16 0.434901359203 0.5 0.0650986407974
0.307392741583 0.01281974087 0.583450952062 0.0440257486106
0.372283965836 2.34187669257e-17 0.522001960612 0.038746292314
0.201065269924 0.00404712243039 0.5 0.0254361544136
0.0972567926517 0.293844787216 0.5 0.0433882754973
0.24126333807 0.206318949664 0.50658082565 0.0458368866159
0.0439804239745 0.217374487102 0.5 0.0364345903874
0.0905898133526 0.182803181569 0.692336876383 0.0342701286952
0.356787610426 0.0307330927774 0.517118385845 0.0471089846618
0.21329439567 0.191310097963 0.503045912815 0.042402666138
0.00600329096296 0.364505983494 0.581524217185 0.0479665083585
0.402573755267 0.00519305574416 0.5 0.047052237832
0.265151083547 0.161350353604 0.514535999439 0.0589625634099
0.0728030401911 0.150624076016 0.500000000044 0.0331877824705
0.311120514659 0.0213503683469 0.5 0.0386914621634
0.155247594589 0.286663385529 0.5 0.0580890198815
0.00177934784397 0.0934116949708 0.516854173799 0.0142522971567
0.10370678758 0.037875311134 0.556311743844 0.021234309097
0.316292884945 0.0502962939188 0.5 0.0453470759734
0.296003639846 2.26916250045e-17 0.527967256005 0.0302196854247
0.318980708194 0.0764815879818 0.503365724686 0.0591724123239
0.270309932541 0.148531252078 0.523368029485 0.0577907858955
0.000938949148803 0.160369775823 0.575550083791 0.0231989558792
0.43865191098 -1.66606374781e-14 0.507752589777 0.053595499243
0.121041411426 0.0551792341668 0.751214261782 0.0256147177113
0.0555134169381 0.263356670838 0.56341441568 0.0319940340605
0.143289847083 0.280625852389 0.509806893894 0.0576657659824
0.198595046639 0.208817996169 0.51014567856 0.059268152428
0.00143845115044 0.400046799944 0.5 0.0591717163336
0.111357989568 0.252210081041 0.551789043465 0.0454097739297
0.380743982817 0.0328395668846 0.5 0.0466727957015
0.273673203704 0.147285305095 0.5 0.0442760083778
0.22864762637 0.219199508248 0.505918552373 0.0462343130093
0.0290745519724 0.408528508995 0.508843425418 0.045367470374
0.253542087264 6.73998173301e-06 0.5 0.0260175845553
0.0716408473991 0.18260106295 0.500209872293 0.0381327819419
0.280852348234 0.100165839767 0.518164284242 0.057005952764
0.411235451134 3.12315800326e-18 0.526530711549 0.0612959184092
0.207811234422 0.212740248318 0.5 0.057613287974
0.225028338063 0.198405976048 0.5 0.0455988115371
0.017805158803 0.293092538632 0.542517737591 0.0386690541067
0.168190119207 0.271415121733 0.500648997836 0.0597457612242
0.129164501018 3.46944695195e-18 0.85489542954 0.015940069442
0.15545452195 0.248776309084 0.515196199522 0.04837230542
0.256939634304 0.090812804802 0.513525970615 0.0447778645029
0.217497389719 0.199141652837 0.5 0.0531804589212
0.0779704875102 0.3390847291 0.5 0.0552690475503
0.160622397801 0.123940628622 0.522417354821 0.0394726285821
0.00671846101593 0.244186214569 0.507094338216 0.0284746573854
0.0194938895823 0.177129117122 0.51040453142 0.0287942281546
0.29844157659 0.0244064669467 0.590582800564 0.0469440613794
0.161726478173 0.195032969791 0.597788805662 0.0454517463741
0.0104474473242 0.41143796242 0.5 0.056488398383
0.221328263013 0.0444695146542 0.578066362129 0.0325463634645
0.0475958738728 0.291721435568 0.5 0.0385037799028
0.257573086908 0.0611421629883 0.555911149718 0.036704463759
0.360141970558 0.0809708237996 0.5 0.0588872056423
0.276037978964 0.137524738567 0.5 0.0489587727241
2.98155597434e-19 0.000633895278447 0.500407958165 7.63988125271e-05
0.218993791949 0.0504761316635 0.522051524346 0.0269469923551
0.292754973057 0.133594117677 0.506755213536 0.0613583661104
0.334084194335 0.0831490059252 0.510397349458 0.0560441381467
0.0952969684664 0.115987754749 0.548072838099 0.0269767003611
0.0285463849335 0.367734798197 0.502876384305 0.059399448356
0.126564491555 0.273849998467 0.54032809205 0.059257417927
0.056634591168 0.285236010253 0.548012045748 0.0504407055871
0.0585473470873 0.33067410076 0.536471599911 0.0389221447847
0.377290377519 0.00199880810665 0.5 0.0382973611855
0.143683312163 0.174896066971 0.533937818205 0.0426616595472
0.219896794569 0.204193239941 0.5 0.0553441603078
0.284000688935 0.0761420678285 0.511475118787 0.0515183963978
0.381955223223 0.0149460122823 0.5 0.0528540848242
0.436677839987 0.000710916826018 0.500472922501 0.0621383206861
0.227954025891 0.0 0.626524752731 0.0275016147231
0.111280965532 0.250242537507 0.503624244697 0.0364037317234
0.144750171848 0.212338573296 0.5 0.0454305527429
0.188621663408 0.0876790230354 0.519934711999 0.0413635410591
0.309597807481 2.27338537935e-18 0.581625814767 0.036557588128
0.158520921675 0.232032021939 0.566346450392 0.0431006059952
0.0375502949639 0.222034850085 0.503761679437 0.0336085866121
0.185491794879 0.190019554837 0.518961445719 0.0443425792227
0.169304029679 0.202316322021 0.584292718583 0.0440869297175
0.0345022209084 0.23376755872 0.586074005555 0.0306714284963
-2.13912467856e-17 0.341411307431 0.558234005512 0.0466452540138
0.32454607567 5.28723870406e-15 0.5 0.0393606899055
0.138329821599 0.0704386397951 0.5 0.0208768453189
0.126295993378 0.304268234704 0.506325772555 0.0631099993641
0.106069477005 0.14099099641 0.5 0.0297421078162
0.0982618345472 0.169646409985 0.514099502124 0.0334820333668
0.378988834638 0.0298897081276 0.522614979584 0.0412671667473
0.210866000925 0.138951834548 0.508425187821 0.0494863018384
0.41304541876 -6.27062652268e-17 0.501760180601 0.0413980809816
0.258714742697 0.190287866067 0.505084097487 0.0459132937495
0.246783425779 0.193894057058 0.5 0.0593225171634
0.356367660827 1.66952281908e-18 0.5 0.0489186739197
0.129630692954 0.287981829318 0.509856786303 0.0528335000705
0.00694762400695 0.336433715536 0.512176339985 0.0494168822373
-8.69201716437e-21 0.0803452248813 0.500541796143 0.00835913033495
0.259980006794 0.00688249609688 0.516443247035 0.037710186195
0.377910176854 0.0266143782642 0.522008472728 0.0458129128485
1.38994577467e-17 0.29849945347 0.500830995259 0.0363879483557
0.203131573155 0.231818359478 0.5 0.0650500673665
0.284507071799 -1.57539203736e-14 0.5 0.033018709791
-8.18770677388e-18 0.256661601107 0.500714713899 0.0363165019945
4.66083634889e-19 0.317432511531 0.63484998131 0.0475959399506
0.327063403025 0.0741104140417 0.510991352066 0.0439261471632
0.240169667259 0.13134338824 0.5 0.0455386155472
0.174551465144 0.0971094035603 0.526001996331 0.0304502038411
0.233429745209 0.196913291107 0.505719354781 0.063937608903
0.308660202201 0.136393336565 0.5 0.0549464612343
0.231945570861 0.0482044680253 0.630745227788 0.0303225630348
0.0260388300178 0.329417097514 0.527275649886 0.0418555916271
0.357443079583 0.022193514949 0.510496558416 0.0558473221419
0.230455649304 0.212562583579 0.5 0.0569817671168
0.177766150777 0.129730641911 0.654030309762 0.0384728975495
6.43233948887e-07 0.324039072221 0.5 0.0324964680925
0.151035337097 0.252322335442 0.511425838061 0.0467141027336
0.194336906497 0.164288287487 0.591785299831 0.0495895061857
0.344839374039 0.0303165835163 0.512809109693 0.0458897808827
-6.8893166138e-17 0.259928319371 0.5 0.0385240582128
0.313999903266 0.105953506828 0.50926379307 0.0558223425218
0.215390695715 0.154602006247 0.518850245943 0.0468277574512
0.0152179036978 0.403242395368 0.501993018333 0.062739652339
6.76583189273e-06 0.373736994381 0.500741324353 0.0384603254732
0.000154333634736 0.42403501136 0.509903626367 0.0469716903499
0.107649830409 0.296191954626 0.511083603793 0.0445275222452
0.0689333279708 0.123111437626 0.506679790716 0.0287156806637
0.244661913382 0.0967348326436 0.526709856804 0.0472250714468
0.264674282539 0.139469579176 0.527324047525 0.0540747998344
0.312402238867 0.00137483289793 0.5 0.0322395273355
0.0478367699772 0.339013987005 0.513814104354 0.0442847851727
0.232968127602 0.213603227409 0.507587228253 0.045841416735
0.168345484875 0.174352865795 0.607988744526 0.0493129048044
0.285901015598 0.147837271973 0.5 0.0571127608088
0.45055047452 2.79106013975e-14 0.5 0.0494495254803
0.449619768837 4.24792253383e-15 0.5 0.050380231163
0.160277226864 0.284545581785 0.5 0.0551771913518
0.238039934163 0.0482546052824 0.568106063392 0.0321853534677
0.0543438478273 0.331204858813 0.500288776382 0.0564173352122
0.240443962962 0.185336242228 0.506808574551 0.0609572845586
0.187132816053 0.170196952987 0.5 0.0459584026652
0.298138437738 0.00380062742364 0.533177260253 0.0406174562008
0.0286754820721 0.00587117677754 0.5 0.00349768230464
0.225036948794 0.221673734845 0.503729670372 0.0461661675552
0.352141654795 0.00249274233291 0.504116002214 0.0417785171154
0.0 0.435415592626 0.5 0.0645844073737
0.0642477772807 0.286454426836 0.51005345759 0.0495234664948
0.201123145763 0.0309318125543 0.5 0.0273049516414
0.036419341701 0.390714538767 0.508493468521 0.0452979525472
0.0196318148135 0.0735712349209 0.500760295661 0.00932036473412
0.357956202846 0.0689879227082 0.5 0.0555886079505
0.379314242688 0.0329973741644 0.529121429249 0.0455583248364
0.348633739518 0.0743274485327 0.521886726163 0.0497189389492
0.205464488774 0.216813782115 0.512693792804 0.0632303494414
0.135685378868 0.275537821531 0.501962031443 0.0438958748677
0.330363022613 7.60100661793e-19 0.500615952504 0.0487552993084
0.182957003194 0.234385947859 0.511371900498 0.0515569560541
0.000299094693339 0.0424947328749 0.502868268316 0.00525510488063
0.130283623438 0.0665077411967 0.692878497541 0.0294568662014
0.305094318417 0.0926419429402 0.51494623075 0.0438609901563
0.109333777922 0.315560212903 0.5 0.0520073739397
0.0972115994663 0.258573462848 0.590535047227 0.0532766837324
0.199978640196 0.206171705238 0.5 0.0412779812062
0.176084819145 0.0975878604062 0.527671029827 0.0339588445796
0.00204895460355 0.307309918974 0.5 0.0462861624372
0.0224512116836 0.409342712557 0.501332003892 0.0453704102148
0.00834886074077 0.436972371203 0.5 0.0546787680565
0.116768644362 0.328752372574 0.500612477529 0.0453018654766
0.231855837562 -2.70856471466e-18 0.501112204713 0.0285920906079
0.0960321116504 0.319129122753 0.527184266213 0.048451716825
0.418960541154 0.00718291682809 0.507843945676 0.0432891633416
0.32486882037 0.00509237323639 0.503416026985 0.0494581852903
0.0465697216239 0.226611200335 0.527422995286 0.0334067634571
0.191266234851 0.13344188515 0.511972600809 0.0436225485646
0.234734713343 2.52475292162e-19 0.500125094683 0.0349951769347
0.0509843907326 0.280399521317 0.515474810647 0.0447871030289
0.000602234866435 0.427098045956 0.511720796719 0.0596130789071
0.131597267921 0.168437885745 0.659507283378 0.0317070498971
0.247068115978 0.177977288045 0.514089255875 0.0608653401018
0.296736770924 0.00741794453341 0.5 0.032618265597
0.199471922069 0.0677345035992 0.57232217823 0.0301556721812
0.383526526937 -1.29827351396e-18 0.5 0.0552198691207
0.262357539829 0.184836770278 0.507282735764 0.0455229541286
0.0725245707425 0.218905955644 0.664526846971 0.0436309763764
