0.0004 0.0004 0.0008 0.001 0.0002 0.0003 0.0006 0.0001 0.0005 0.02 0.0003
0.00185698549906 0.0148442725165 0.00743853145568 0.0177225359496 0.00424265553057 0.000883429528034 0.00266475809478 0.00110590470296 0.000553568482177 0.0251433943825 0.00267415438719
0.0018994208462 0.0148694615934 0.00742197923191 0.0176493404524 0.00424919644087 0.000848757808188 0.00269498557605 0.00108730347661 0.000541970692765 0.025065700998 0.00264961159617
0.00185916300438 0.0148474801182 0.00743249646354 0.0176990821405 0.0042576815658 0.000868986965785 0.00267633594591 0.00106293038375 0.000571576931372 0.0251168343934 0.00268587101714
0.00186473040948 0.0148681124106 0.00743590299145 0.0177589313451 0.00428093327466 0.000852197794983 0.00268697691886 0.00106079168854 0.000538993953408 0.0251766573513 0.00268369946012
0.00186255471947 0.0148734324332 0.00742043025699 0.0177680186875 0.0042781703772 0.000878204471642 0.00267258681431 0.00107075322508 0.000559261403797 0.0251879956607 0.00266250783783
0.0018880047529 0.0148801876149 0.00744037159462 0.0176499552209 0.00426336286247 0.000869783369855 0.00266958108975 0.00106593239904 0.000549653979461 0.0250655536744 0.00265224295434
0.00189962534541 0.0148447303522 0.00742628333858 0.0177229316342 0.00425748906513 0.000868021172007 0.0026732671026 0.00108015696819 0.000546338881466 0.0251367840244 0.0026574866989
0.0018713084305 0.0148370998873 0.00746435019048 0.0175467262649 0.00426353182303 0.000863135479472 0.00268724217896 0.00109356678924 0.000542006320563 0.0249659818041 0.00267764285092
0.00186745567283 0.0148644698611 0.00742712775359 0.0176750535014 0.00425456270555 0.000850749541751 0.00267339296826 0.00109013120931 0.000573294945452 0.0250942056055 0.00265395336283
0.00186079946245 0.0148597217907 0.00744496848915 0.017673636405 0.00425642264058 0.000894814085807 0.00269457114029 0.0010638004672 0.000561938718849 0.0250894073543 0.00267089187238
0.00189793032124 0.0148715652776 0.00742272172648 0.0178332416605 0.00424322218646 0.000851287755261 0.00265505545174 0.00106901227401 0.000550321019981 0.0252501365176 0.00265261708485
0.00190109953549 0.0148433656267 0.00744285541745 0.0176306858409 0.00426348700882 0.000860031720955 0.0026689771119 0.00106069670853 0.000568374525328 0.0250505049921 0.00267349479409
0.0018637202525 0.0148712166982 0.00745897912536 0.017687993254 0.0042810892707 0.000858491983555 0.00265580626545 0.00108821741607 0.000540373740779 0.0251117982482 0.0026587469658
0.00186809755312 0.0148462719976 0.00745630095018 0.0176024122622 0.00425025242579 0.000872180854512 0.00269223761807 0.00106141253198 0.00054705652543 0.0250180449824 0.00269247261234
0.00185580462754 0.014880568325 0.00744402720277 0.017688585604 0.00425702811016 0.000889176403512 0.00266677975833 0.00106537267026 0.000536869894734 0.0251081767703 0.00266976142242
0.00185968970565 0.0148715599435 0.00743436714121 0.0177072047026 0.00424291788146 0.000888695057426 0.00267302751766 0.00108058095765 0.000533593664533 0.0251259367073 0.00265018831028
0.00189224904912 0.0148623036513 0.0074281905152 0.0176061803843 0.00428443155217 0.00087930182734 0.00269565461393 0.00109732891272 0.000546708759339 0.0250246103202 0.00265005406566
0.0018921912216 0.0148668569855 0.00743319893273 0.017486293383 0.0042734879627 0.000871401863035 0.00268211265506 0.00108589474758 0.000559860504254 0.0249039464552 0.00265912878665
0.00188280897288 0.0148393216841 0.00745269888222 0.0175504764696 0.0042526979684 0.000877078331606 0.0026806656218 0.00109338561553 0.000576673170921 0.0249693144348 0.00267722856146
0.00187183591684 0.0148626413643 0.00743649961637 0.0178011123986 0.00425086636036 0.000863672601985 0.00265930366057 0.00108608102908 0.000566037264143 0.0252207384445 0.00268114037386
0.00189081237429 0.0148713187331 0.00742749140018 0.0174711478998 0.00424879393767 0.00089197605059 0.00268824588783 0.00108665316898 0.000574724265766 0.0248866961714 0.0026781884714
0.00188497781283 0.0148561461443 0.00745453858895 0.0175470455402 0.0042472522538 0.000877284705836 0.0026878835779 0.00106099900337 0.000557926535476 0.0249628270757 0.00267826832426
0.00190043345734 0.0148370551209 0.00744703601317 0.0175323793626 0.00428562615853 0.000864647922391 0.00268881377186 0.00109258159674 0.000536602540416 0.0249479638393 0.00268058792289
0.00188437380829 0.014847663066 0.00746236915685 0.0175938794863 0.00423947186695 0.000857138075033 0.00269278450858 0.00110441843298 0.000537151900922 0.0250096590886 0.00266366321862
0.00185556130803 0.0148461419147 0.00743240714796 0.0176958454094 0.00425116854485 0.000894536926672 0.00269425422682 0.00108423162518 0.000547202941856 0.0251171770648 0.00268663408813
0.00187611877456 0.0148674199557 0.00743991142571 0.0175042619286 0.00428007462809 0.000891777286683 0.00268013474827 0.00108990440765 0.000567754826992 0.0249206843737 0.00265269744197
0.00186316800478 0.0148845049236 0.00744331424215 0.0177594597184 0.00426815050551 0.000851707612057 0.00265821795703 0.00106749876041 0.000533628234892 0.025179502423 0.0026900889728
0.00190154390222 0.0148422131348 0.00743392993765 0.0176111161636 0.00428080819118 0.000892092848129 0.00267880506347 0.00107137687977 0.000550735458813 0.025030214006 0.00269550195924
0.00189653724125 0.014878880446 0.00745603986158 0.0173978096796 0.00426494280158 0.000889305973574 0.00267375910852 0.0010826646109 0.000563784995902 0.0248102482529 0.00268422080523
0.0018828360515 0.0148373624107 0.00742938756238 0.0176266266486 0.00424598487891 0.00088504970907 0.00267578197139 0.00109464130995 0.000551679937821 0.0250428913521 0.00267117231247
0.00188532296876 0.0148715043164 0.00746113284974 0.0176036499048 0.00425275286353 0.000870431075622 0.00269029845837 0.00108211066416 0.000548964215635 0.0250186307237 0.00267044531416
0.00188936110538 0.0148371303552 0.00744688125644 0.0176216655735 0.00426601329293 0.000886605359716 0.00268762721095 0.00108780380365 0.000545925723196 0.0250382139738 0.00267733304948
0.0018651820339 0.014850660682 0.00745998905704 0.0177036664094 0.00424679555745 0.000877953204009 0.00266177693919 0.00106411176869 0.000558347686791 0.0251249749701 0.00266511241298
0.0018750201425 0.014840589262 0.00746431287393 0.0175668483324 0.00425229228295 0.000887178332971 0.00265203750192 0.00108993925429 0.000560609199129 0.024987577981 0.00268289897693
0.00185617533464 0.0148496975756 0.0074202784343 0.0177824733057 0.00425222944474 0.000877396052876 0.00267241368546 0.00109561647505 0.000556666065535 0.0252002573702 0.00267300381944
0.00185815940108 0.0148704322693 0.00745012383884 0.01773533513 0.00424035539502 0.000888263534623 0.00268753791515 0.00106785081294 0.000541013991127 0.0251596323794 0.00265513203146
0.00186730614601 0.0148655897787 0.00743352309916 0.0176885721911 0.00426548948015 0.000871203637949 0.00267028691919 0.00106383318004 0.000553531353339 0.0251094051313 0.00265968748126
0.00189858883698 0.0148457677405 0.00741924689519 0.0175558001299 0.0042747655445 0.000870716972625 0.00267380165737 0.00109493321363 0.000566636937903 0.0249712146618 0.00269246595275
0.0018745464538 0.0148700082871 0.00746312990804 0.0177410210782 0.00424771585308 0.000862769564234 0.00265723057981 0.001093366434 0.000530338153791 0.0251626895894 0.00265942401893
0.00186480972581 0.0148761848015 0.00743766338763 0.017754609401 0.00424667926116 0.000878602185316 0.00265629692784 0.00106941207171 0.000568767678546 0.0251751079676 0.00269256287095
0.00187540412001 0.014881886823 0.00743962461368 0.0175918602826 0.00428448232962 0.000877358859031 0.00266423804759 0.00107073294116 0.000543716704279 0.0250140888952 0.00269114994276
0.00187164761942 0.0148758778085 0.00742893961271 0.0177858290718 0.00424462605205 0.000850977365617 0.00266613903516 0.00110684266371 0.000538787512149 0.0252064765612 0.00266217956979
0.00187787080019 0.0148708216531 0.00742185511756 0.0176540038221 0.00428538198526 0.000894624096801 0.00266204453654 0.00110196178959 0.000532005803206 0.0250716602432 0.00265547963186
0.0018741297226 0.0148674538627 0.00746352665515 0.0175527113974 0.00428120974344 0.000870008668796 0.0026579262158 0.00106625334332 0.000565667540901 0.0249685469691 0.00269479817928
0.00186394530384 0.0148457667613 0.00744093140727 0.0178029577567 0.004278594358 0.00085675669842 0.00265311206313 0.00109169461461 0.000540351190634 0.0252249693185 0.00268253440864
0.00186996116659 0.0148439021681 0.00743990026954 0.0178004065558 0.0042413561132 0.000867470504572 0.00266517344223 0.00106122788905 0.000550863494017 0.0252194009404 0.00269004599537
0.00188730737865 0.0148539240612 0.00742761224339 0.0177365565192 0.00425244134538 0.000849947359902 0.00266219839767 0.00110677293038 0.000546099696838 0.0251581255735 0.00267326880286
0.00188770405361 0.0148726654396 0.0074452653817 0.017610529365 0.00426460728607 0.000867493331584 0.00267834319038 0.0010793199342 0.000533886101012 0.0250290154705 0.00269251089337
0.00188545637277 0.0148669375749 0.00744674243621 0.0177304597566 0.00425824025612 0.000874717394446 0.00265193579148 0.00106215510311 0.000542498725531 0.0251473654642 0.00267947315935
0.00189978804428 0.0148671519147 0.00744276179273 0.0178007446517 0.00423982029062 0.000851238499451 0.00266237944954 0.00107251514991 0.000547981481428 0.0252171400637 0.00267378086224
0.00188497902275 0.014846303901 0.00746406288665 0.0176380715491 0.0042727875216 0.000849737791128 0.00266756376163 0.00107890297255 0.000572157051629 0.0250576114339 0.00269318693741
0.00189113586333 0.0148465327973 0.00744647757466 0.0176707002264 0.0042653621378 0.000849617149816 0.0026623626397 0.00110655834145 0.000575962811754 0.0250936034755 0.00266201382941
0.00187851028296 0.014875545263 0.00742930672933 0.0176132452436 0.00426717270279 0.000888575712434 0.00269125779427 0.00106662205083 0.000549293967488 0.0250316963507 0.00268506420429
0.00186098067093 0.014885055015 0.00743195219784 0.0178228579181 0.00424223111864 0.000886562075038 0.00266724366179 0.00106664588959 0.000533424212193 0.0252413554277 0.00268873331174
0.00187502480411 0.0148497024705 0.00744151789031 0.0176596231927 0.00427896170554 0.00087087371632 0.00265987723379 0.00107080748817 0.000554507603166 0.0250795043086 0.00266487364679
0.00188616267302 0.0148631326465 0.00742602797796 0.0177175267345 0.00424096801415 0.000851224570292 0.00267723220404 0.00108483708414 0.000549344673298 0.0251317013751 0.00268723048052
0.00185841724941 0.0148560230241 0.00743820557144 0.0178590762926 0.00427658249817 0.000870505100545 0.00267669337461 0.00106380831163 0.000530403438822 0.0252786328045 0.00267121752327
0.00189187377077 0.0148572195372 0.00745279244373 0.017541162643 0.00425304180962 0.000890717668339 0.00267820234381 0.00108626136004 0.000556608115122 0.0249627620684 0.00268569418623
0.00186113488219 0.0148557888247 0.00746047170081 0.017777054985 0.00424435224928 0.000854609107807 0.00268852401685 0.00109661706086 0.000535356924434 0.0251958819621 0.00266132528273
0.00187011613872 0.0148819133313 0.00745138333175 0.0176441189141 0.00427376055691 0.000889661794535 0.00265611293637 0.00109243640421 0.000533925043495 0.0250667911795 0.0026720733719
0.00186068683381 0.0148605176714 0.00743081052616 0.0176941442771 0.00425021027822 0.000874124706503 0.00269324495145 0.00109871138804 0.00054599288285 0.0251168987661 0.00265105368189
0.00186082248382 0.0148592430905 0.00743011487324 0.0178263547748 0.00425369355006 0.000866201884881 0.0026631804807 0.00108341063388 0.000553782796675 0.025249427069 0.00265358884832
0.00185834574845 0.0148512598315 0.00742001907196 0.0176524105267 0.00428368688295 0.000891619668098 0.00268125006777 0.00109561040632 0.000541263931153 0.0250695982878 0.00265334016349
0.00186243600671 0.0148524356881 0.00746295632929 0.0176222080138 0.00425773159623 0.000861838616122 0.00265487830972 0.00109050174257 0.000555612826544 0.0250386557575 0.00267164759371
0.00187112388191 0.0148606949617 0.00745116630697 0.0176066199221 0.0042812771769 0.000880310596404 0.00267794241168 0.00109752487454 0.000544034023123 0.0250266855929 0.00266827129572
0.00187025511031 0.0148824157992 0.00742438307703 0.0177270020628 0.00426455154656 0.000864535880119 0.00265605742061 0.00108699079019 0.000559303567295 0.0251459219037 0.00266868373628
0.00189641237692 0.0148809672025 0.00745074027176 0.0174947297223 0.00425547065603 0.00087404793938 0.00268980420852 0.00105972673106 0.000537804951284 0.0249111348893 0.00268706923576
0.00186645911948 0.0148804252338 0.00744212669379 0.0176928695014 0.00426030276206 0.000883218949702 0.00267035343712 0.00106319555011 0.000532314179685 0.025111126746 0.00266125027604
0.00189448739884 0.0148483647199 0.00745480418387 0.0175628237406 0.0042542381631 0.000886393985204 0.00265850928532 0.0010642415046 0.000572415580206 0.0249756971926 0.00268760744802
0.00189091611102 0.0148791320002 0.00744152042128 0.0175561261036 0.00425244578546 0.000854802138376 0.00267852505562 0.00107386264773 0.000576614372851 0.0249720359586 0.00267962877909
0.00187377779406 0.0148599953863 0.00745472206569 0.0176617478799 0.00427588619933 0.000853192640895 0.00267662249176 0.00107954381054 0.000543263597872 0.0250790154641 0.00266004066064
0.00186984681342 0.014858720461 0.00743299474581 0.0176523914041 0.0042505173919 0.000854286199595 0.00268788214883 0.00110604954934 0.000530275199953 0.0250693691204 0.00269203707687
0.00189804013172 0.0148428957004 0.00744079611948 0.0175793294863 0.00425536867128 0.000848490392446 0.00268617560114 0.00109570386999 0.000549706052334 0.0249976375477 0.00267123701864
0.00188132535424 0.0148384969205 0.00743206828339 0.0177342346306 0.00425013751334 0.000877675728228 0.002674586469 0.00108319944417 0.00055138741383 0.0251534156799 0.00268347555331
0.0018821103478 0.0148624552386 0.00743111422802 0.0177966117747 0.00427036684755 0.000848055531354 0.00266347295 0.00109940971154 0.000554578462992 0.0252156506235 0.00265222227985
0.00186495964447 0.0148420488154 0.00742668614115 0.0176318747535 0.00425493183135 0.000893035034865 0.00267943842676 0.00110631608355 0.000557986564606 0.0250472689872 0.00268387416353
0.00186549624684 0.0148463457131 0.00746229749666 0.0176347549349 0.00426903877441 0.000861983104517 0.00268174354802 0.0011053003498 0.000545577931272 0.0250548570782 0.00265605125693
0.00187850561342 0.0148761368024 0.00743598736922 0.0175324753361 0.00426251410687 0.000877794948527 0.00266607445011 0.00109476014492 0.000556358451501 0.0249544490036 0.00267725929709
0.00186790960334 0.0148545760197 0.00746301814888 0.0176254044124 0.00425228715619 0.000876069499474 0.00266517533525 0.00106598439713 0.000547398115208 0.0250420094472 0.00268704935823
0.00186663025126 0.0148368878143 0.00744597521801 0.0175137440322 0.00427792794852 0.00089193574197 0.00268912327964 0.00110564858649 0.000543869006045 0.0249340868326 0.00269448667633
0.00189489333677 0.0148553946673 0.00743884536038 0.0175754392253 0.00428596793735 0.000860154487395 0.00268336178979 0.00107529375784 0.000554742603057 0.024997064344 0.00266372510086
0.00189192669605 0.0148436840272 0.00743736695808 0.0176261842005 0.00426887164565 0.000879707621027 0.00268447394796 0.00109564107172 0.00054982359305 0.0250424279754 0.00265972290953
0.00185639274926 0.014849057226 0.00742100206377 0.0177564097077 0.00424704483504 0.000861006453732 0.00267289345583 0.00110338034428 0.000566982656385 0.0251716788478 0.00267953828262
0.00189691927438 0.0148776102785 0.00743469858442 0.017684550935 0.00426030517287 0.000847960846439 0.00268036924927 0.00107713316766 0.000532442482144 0.0251067642537 0.00267471367742
0.00187017548798 0.0148811134543 0.00744800868465 0.0176645964781 0.00424636054179 0.000852756207373 0.00265348492433 0.00107999434341 0.000568558295034 0.0250798304865 0.00268331111551
0.00186779298031 0.0148800796417 0.00745183203449 0.0176402838919 0.00425253065063 0.000875444847674 0.0026533970201 0.00110119096679 0.000531123999418 0.0250581583203 0.00265352906787
0.00188889014563 0.0148583208779 0.00744824715671 0.017620332887 0.00427113917978 0.00086668809238 0.00268161090163 0.00108411177062 0.000548553329661 0.0250393350202 0.00267029602952
0.00186035614247 0.0148719176719 0.00742754430823 0.0176375721455 0.00423983339839 0.000894280201171 0.00267429440788 0.00108167769631 0.000568236157689 0.0250517822466 0.00268003097358
0.00186249955581 0.0148506830193 0.00743725259673 0.0177984000532 0.00428224159299 0.000884279970504 0.00267101572158 0.00108546807607 0.000542564746599 0.0252179834971 0.00266334904716
0.00187774508214 0.0148478410559 0.00746107977388 0.0177712665288 0.00428017748431 0.000852471808898 0.00266431956751 0.00106083603621 0.000555233116565 0.0251912541563 0.00267016835009
0.00189440990129 0.0148737058549 0.0074510360751 0.0175855584569 0.00426072503139 0.000860507208588 0.00269328612353 0.00107719856954 0.00053237934129 0.0250014592471 0.00267676086449
0.00189745749448 0.0148407980154 0.00744632667779 0.017489084287 0.00428497420543 0.000875123248133 0.00267045179903 0.00109055560127 0.00053873683847 0.0249049180168 0.00267930488383
0.00190065085966 0.0148559882191 0.00744762600447 0.0176017208379 0.00425638306252 0.000874284404327 0.00268242523415 0.00109022059722 0.000530164056476 0.0250210112508 0.00269197200551
0.00187185939801 0.0148472383262 0.00742784470953 0.0178245317515 0.00425792522707 0.000884063716363 0.00266793962937 0.00109641896339 0.000531015258472 0.0252427591951 0.00265685684896
0.00189274701888 0.0148449463866 0.00742523460052 0.0178589909282 0.00426534176684 0.00085242403077 0.00265394239425 0.00108707987365 0.000536908976704 0.025284021583 0.00265908484506
0.00188971409765 0.0148669275844 0.0074283553944 0.0176901331321 0.00426734863532 0.000887241471758 0.00266744012184 0.00107688226131 0.000529993970095 0.0251130417202 0.00268228709762
0.00189933618332 0.0148508602813 0.00744151320066 0.0176573407641 0.00428318087408 0.000874201489398 0.00268443095885 0.00107397608053 0.000544663420541 0.0250768586617 0.00265492481049
0.0018753716443 0.0148659883121 0.00742544660373 0.0178191369401 0.00425969017726 0.000855226166826 0.00265021886649 0.00108810677954 0.000555912266775 0.0252401805348 0.00266753822225
0.00189464799752 0.0148472494478 0.00746366284005 0.0176653851577 0.00424000833241 0.000862899403921 0.00266246148328 0.00108247872322 0.000553770289473 0.0250839240731 0.00269113580303
0.00187122352069 0.0148558553365 0.00744172637472 0.0176684307939 0.00427271158801 0.000876970820307 0.00267609520383 0.00106612804185 0.000537673076905 0.025088769614 0.00266307084128
