------------------
0.0  0.0
0.37517160764154794  0.4562428389600248
0.3845982376761431  0.38890745956197065
0.23982260173884024  0.10029572575494772
0.18497889898718367  0.06598443058120668
0.03943438160884233  0.18224502221932498
0.21379886913341167  0.18179444612789697
0.023013778985256916  0.2965214716658126
0.10439673887508016  0.46322589927585595
0.13983620662453222  0.3306546641041059
0.34188004689979734  0.29630947123987283
0.028132801906799842  0.03767540454958246
0.2887320873551028  0.25487326650264464
0.46650755941312433  0.2946144159478501
0.2190042863593089  0.24274213161323044
0.12946949510158756  0.3106413310135801
0.33709451840287674  0.22462648518343165
0.09647413702562313  0.22594415381467275
0.4762401808031963  0.021570973939112448
0.21108953487058607  0.03963553666083153
0.22896944780214812  0.24856073578488141
0.3619716217039535  0.47694030889113637
0.4628753409525489  0.36657574742430193
0.3430689694324882  0.2909480250926218
0.17867720257962388  0.2835549324956007
0.06060227993779005  0.22883214195907875
0.05305914077769658  0.17191909995342508
0.2942070902939518  0.2789801230983597
0.38463556429645757  0.3998895452066405
0.1829393964958575  0.33982841126235447
0.17478974247342488  0.11762652602673263
0.36857933537597776  0.13550579256194467
0.3957239798028734  0.4429333190276212
0.45216868252268116  0.03824075799068011
0.17702415356829576  0.13173879842584824
0.10729656298614848  0.40268285792721925
0.40292462450697736  0.396779161538513
0.17234295860762422  0.18516793777058532
0.25134240509339484  0.2574941231202108
0.35762725086636016  0.16609637926568155
0.19527988592953888  0.1556521860742946
0.10903706859886875  0.2998710184099236
0.18705002681317062  0.2004829782615981
0.3058643863565598  0.18309377692151568
0.02454885339661822  0.26795882461247145
0.30986552066549716  0.1973194479156959
0.27416572964546804  0.4715978834779652
0.47268430296995034  0.1257538628424017
0.1573036621649851  0.054873701753888116
0.26619573984154965  0.11509805248731608
0.020146623154640164  0.38628370745898416
0.11978351127465703  0.19755783328171256
0.27634494056596787  0.49438718748368243
0.11451031100412168  0.4004218182258533
0.39530777752123736  0.40930429379996247
0.3697624868800328  0.313113041400942
0.46111023792721473  0.06807379446626793
0.06837904733846045  0.055857479847039426
0.2758141270811349  0.20632796111160884
0.150838151119849  0.14095163109896247
0.44670764503578086  0.0181847669979901
0.4830911472087264  0.24737648944708007
0.12479902416742022  0.379114699326381
0.18344465705765461  0.10462074071736382
0.20963799762832935  0.2640477807544189
0.0657372928053751  0.17576146721771285
0.060717726814148  0.39034885719519874
0.47123422868892145  0.42011085431902634
0.2582329841361661  0.36057964089277
0.16843259866729604  0.055491595220185874
0.062228762701394935  0.1778743317824188
0.33029368609454224  0.09293281819810989
0.16981265902042186  0.4418418433199884
0.1533787961931956  0.49745816015249067
0.3068645494589191  0.2710367770974099
0.3042515927284759  0.2654473019311516
0.28212270283663615  0.3090394496176217
0.4735503984409992  0.44929907861304436
0.47940656521876124  0.4596052121153652
0.2215449515869205  0.4115925238887522
0.19295937333215757  0.3774314220640383
0.03928956492527069  0.4695327221537704
0.008909919948948075  0.10881492610246396
0.3722950572642353  0.4296018284035161
0.37509833741950493  0.24225620393212632
0.11932864460062986  0.13745336357111088
0.30195144985592176  0.2305447189374712
0.479694893407664  0.019124565092715207
0.33335256830270893  0.39727591113550265
0.3116394933286852  0.17710102619130275
0.16690611481909484  0.48364221537903157
0.23722927285671486  0.129054619488017
0.28644908349328674  0.1533990543973776
0.243518878961624  0.11691218340443038
0.12860445348819644  0.2441630221006389
0.17745395655710272  0.46168826019556414
0.17269644761860092  0.4583608488017103
0.4233512592512608  0.24779215836946927
0.053091682383903605  0.2794957403717939
0.2197663264223635  0.04818101153057858
0.47268198148023505  0.2656152002160762
0.05921743298983834  0.2723512994872674
0.03487805493993934  0.20771406848322305
0.09719817472804887  0.23565773491366104
0.013402195860688082  0.3961606275243479
0.2983094028427287  0.44507880173731423
0.0015891276789316566  0.12876199903036267
0.25389240840200716  0.19378384530622467
0.09348946082495851  0.40711350035841626
0.4243964523547987  0.3275554864412295
0.1803165599717768  0.27036855948516675
0.44418593085736485  0.04362519555535044
0.32580818381045573  0.016447198587138667
0.2553451764875709  0.169965679574902
0.16813615274194577  0.031752671522315756
0.21493573673459992  0.43478461180389505
0.09410382942861506  0.08829335940588962
0.12513702346157113  0.09301046216117564
0.2576154543336446  0.2882078488767404
0.022635722200614106  0.47423185764645165
0.2714172025455268  0.24459817368647108
0.15467135073828214  0.0798857215218225
0.21765896532505624  0.29866906583683955
0.36954168233677065  0.008285588243721498
0.1973071997914828  0.32243248651652767
0.04694327416508809  0.4781806338989237
0.09050585736863848  0.48374957110152067
0.37008677783663546  0.33257298861622053
0.08580816905112199  0.4053464605360822
0.2970842826330973  0.14632921332067855
0.48476743327247607  0.13451177098817468
0.4430456894666988  0.14096504069308757
0.45823245087475484  0.23674449849214546
0.2676753647812595  0.3145656628518484
0.36647731111036336  0.20221256622444816
0.19669728507238438  0.021337274995358924
0.3218337173752399  0.14553864842606318
0.3706376738224885  0.3613486306784368
0.25003200482282095  0.09615532796652104
0.23165902584435777  0.04153007879456094
0.0028597406123204716  0.45816541750748785
0.47913402871718963  0.12387114341669186
0.29668730251796327  0.10769137997227596
0.4064465394763877  0.09918837488251869
0.04160030780448326  0.22396810742903867
0.21236360512092683  0.23341464399074469
0.3173784983634015  0.008584121917544207
0.2597621204169295  0.12465704214572676
0.14697207229664094  0.09140929596572295
0.12989271139339498  0.06354574266845153
0.23798388484295063  0.3862113971596663
0.4022446121075544  0.4665035858983491
0.19056187292337484  0.001672032171973592
0.17634434401739518  0.27576383817456446
0.4607881076362734  0.18669165787634728
0.3771321050850109  0.2823162182699157
0.45087346576217113  0.37079487831610936
0.10497719358424068  0.4401668819618643
0.10197116954812546  0.365165806536536
0.3001613724179437  0.18538666855839708
0.2958833825565718  0.48776366871887233
0.07310525667268464  0.14409301201496322
0.38751211295258053  0.1360813103691213
0.15664517483538087  0.2189474149534717
0.14576572771217894  0.4628723114007467
0.4559669299333843  0.10583069170277498
0.35639893446887855  0.3652733188336953
0.18626839702600617  0.4838946908430797
0.33509609605613017  0.299869736585106
0.030073246705505985  0.4624463258538623
0.4804165721329554  0.06229766470599224
0.09556504665260951  0.10362813066547955
0.28324481272581103  0.20576423617825956
0.16226042670325147  0.14258348923682246
0.23458408044609413  0.42311130697042804
0.036790288744811606  0.06511906255010086
0.22875749686149072  0.27835525915536685
0.21398600451100308  0.0306568117249984
0.4925833375758578  0.4175774513048397
0.3463597533869754  0.36752124273099496
0.08571414504507507  0.3131055474111557
0.25803324481178375  0.3421666477166837
0.21375584320796293  0.43576309008165315
0.4603521998958068  0.4239922464261936
0.33102873207698624  0.4915423697713564
0.07288704863217399  0.35079217889168174
0.19393003586261054  0.09795356043104742
0.14745108271535817  0.18120715350440553
0.40665656514171455  0.11208708660369765
0.03631918736535594  0.36294046803147617
0.29358869958364364  0.3972046695542339
0.2552053371185779  0.39265322695496885
0.3852635935107473  0.02445242884659443
0.39284456812939056  0.012354446986284795
0.4892433259704924  0.2853032801557128
0.15944327235378092  0.44438702815559794
0.04051663231054181  0.16817065744497478
0.22189946145320816  0.2122403966243538
0.4585257507481866  0.3394965823183983
0.32651061785875074  0.3294709235306952
0.19553514222092305  0.09039484856748647
0.16923548155021523  0.01803274126124277
0.23521452798582482  0.04539756513561083
0.11840847428033774  0.44413000240354655
0.28839991782906504  0.42197613005255974
0.04611629989805904  0.05254942738447388
0.34146775343218655  0.3351088156198925
0.0632997860427677  0.1760320525714607
0.04087767392454922  0.2282589986233347
0.2499860950767091  0.049979172251629844
0.4511150646384085  0.43297088231907604
0.1828230509089544  0.16905246055009088
0.1891125094014568  0.04152752147295369
0.32897438665309076  0.4325674199319655
0.4983429015524545  0.2651145477809957
0.31655650416990555  0.3102453509572131
0.2919019294398855  0.3192071276397479
0.4131383627678857  0.15669775815708004
0.07365485214841999  0.43182762747313386
0.3030844352208648  0.3784059206469319
0.11910201604339665  0.23675402173582222
0.40796957452131666  0.3020651150278567
0.19382024333923525  0.25129512313344204
0.30986650785560454  0.02197454277994859
0.34486784088098127  0.26045655401016754
0.052790335802607447  0.02063868227249943
0.41790069659935386  0.10275262936145313
0.4498480784243482  0.016915154208438532
0.23983061556196977  0.3187988185144948
0.30145872858770706  0.19059014648482697
0.3612228363602815  0.0635301332862539
0.1359965918455639  0.06055921587075491
0.42734449946775716  0.2982458216055847
0.11753453010645987  0.46982885210557557
0.11574773274469496  0.43245232726801036
0.26176719413546734  0.1242122519901081
0.03617068955566055  0.12268266284209578
0.44654301551050257  0.45425180390374437
0.4627115174005298  0.17636675496158155
0.4296248035522278  0.23780526248643996
0.2676862167580876  0.3660799319248668
0.012047690896653307  0.06718803192292527
0.20276453915885284  0.3647457051821686
0.4883588333085987  0.23970351256985234
0.2074473890873635  0.2925142399630958
0.4498496341249111  0.2062019158141178
0.35114767893825505  0.06491821440596318
0.03112176501116365  0.4488398572689167
0.23262775574757688  0.10294539543275871
0.04872163107662847  0.31582334818093566
0.2611475838858145  0.015068284393551068
0.30630037872803106  0.23787027031311692
0.23138618605418915  0.04602952070187122
0.2366569250172474  0.05429550788636767
0.28191785698330746  0.3787620400008647
0.28494991028623134  0.2958952373822737
0.046656467513185196  0.10103407192553698
0.2559104979938788  0.141275059666861
0.261929279427159  0.44816148025510366
0.15832385629210338  0.29711080510733034
0.24901323978263828  0.05632965182042987
0.20692016573014343  0.15565074928869654
0.15575992654589693  0.24560347485417056
0.35963167403641394  0.46074564678070024
0.44396402906372234  0.24826999173782455
0.04713437531930775  0.3539133994125908
0.16210620272444892  0.21935154194735718
0.1922746808742225  0.12688752305157386
0.39287295703774266  0.4251674340530834
0.00986893924703508  0.19214394297110005
0.4363979576747138  0.49879016232674617
0.37469314133338055  0.33045688071999796
0.09629745219454883  0.22235465754985562
0.42606407997461404  0.07149045025078488
0.06580088944038548  0.4924186533293336
0.3544477727609314  0.42863777327020214
0.4083882666452498  0.14410776479117932
0.211930744024399  0.4277829758608896
0.4356973435850404  0.34694516391550145
0.08362199313281932  0.3478179601721852
0.3794674400174598  0.3578214449739728
0.20104544819130254  0.20548989465212114
0.08325491750245073  0.19796497768306415
0.34399169627062726  0.4500434680357009
0.1739955538965698  0.259218471442085
0.37448507165630013  0.3639570029145656
0.027039991620374182  0.24660836658236196
0.4066832846817847  0.3236838170221583
0.4358063723687276  0.23260325731270853
0.0023521041484984573  0.26948113614549457
0.017382022510261275  0.2045852779267383
0.4507729500999682  0.07429945475972843
0.012808465803434588  0.2062437249638484
0.29409404681296675  0.054771056966614495
0.12921159433987767  0.45052198332050564
0.07473891157118978  0.36326044034367655
0.16243238309925156  0.37623187712535056
0.027108866008467458  0.0981389655475669
0.021556796675170076  0.3591027714030471
0.33860318080621726  0.25323022226045594
0.018122449164561294  0.4813032443360275
0.4478412952893587  0.3567499389139575
0.017153177337194236  0.4018131261636791
0.4345314425872161  0.021731082717057648
0.301016031837732  0.10286394010470801
0.05156509784402569  0.4603321999869882
0.3037593295018848  0.3882623248621659
0.40033037954961115  0.4788196185235932
0.48148801506804495  0.3861141540555552
0.2909660388178149  0.10526791135632779
0.29202629757594406  0.2787714867106182
0.2685682322456875  0.0650203415621195
0.2544078702086415  0.4572670808890993
0.05258910955733159  0.2953398733774225
0.262847250429908  0.47606421043674224
0.2661695448000876  0.03777864813205317
0.16944996844035293  0.43442361239235416
0.2662489759949386  0.34187267588623305
0.16940605167806083  0.31085698291914876
0.4781723139512072  0.46446447592374374
0.20636659136840835  0.09365239164169098
0.050514084858328034  0.12713889481891788
0.083546668887239  0.26799419765725796
0.2901111784499666  0.35368274319885207
0.10102154551310233  0.25164813418775417
0.3465408933199938  0.1193811086872541
0.07704346342203677  0.4221856982551755
0.2691989283892396  0.14863823241338497
0.16381944754864858  0.16406825334029024
0.017131377314771823  0.06822763648649138
0.4057046269987712  0.009739015178535482
0.46080463198385024  0.32836512042807586
0.27594998179627456  0.1269742452941055
0.27043580072135776  0.32943267431197204
0.2666310963992706  0.2578092610832932
0.16252809063322554  0.38858396404206086
0.10768668703705536  0.47724804596205
0.154422403417672  0.37767179696156494
0.4268507688160169  0.08306964323360921
0.3572892329245982  0.3105860281337218
0.2676050735366731  0.4565633763855721
0.018214923338626177  0.20787667924190678
0.17696211142704293  0.1621014103874427
0.2846370551585623  0.24111594122117008
0.1664735370058284  0.04042015283155348
0.16034365900690278  0.17010279721862553
0.17230050943430913  0.15545304311714142
0.4839773481048309  0.35469786450897833
0.07806131496955537  0.3986479809021994
0.4473084167452853  0.2709780982286326
0.3276532736723677  0.21217578617593508
0.30879866244138693  0.3432151166605913
0.3210440450955154  0.3485923409148807
0.31854864761766216  0.21813619528362382
0.38388600879257034  0.19703921298332738
0.4577622478456518  0.17727649441760013
0.2777716527029651  0.17969124163447447
0.3425751795963549  0.32747616731307094
0.04343443502445099  0.2938065662686084
0.15953415354320655  0.4935378827689066
0.10096163052706314  0.11191652312868022
0.055039771244916214  0.17384554399754776
0.36962920910004143  0.3529219822561888
0.310001793786322  0.30423732544967014
0.05756645533660981  0.03382562182795179
0.1412232070173562  0.01759888058899617
0.44642474904271184  0.1919477182128152
0.07669902409190216  0.4841795801621853
0.17030796088394207  0.17857139350984164
0.23428061765572716  0.16197688466687915
0.14496323414401735  0.34966308787156003
0.17094320581617295  0.18185848618262962
0.13253769267592408  0.19690283518566337
0.26891684084077105  0.11547946037843965
0.11205968451406795  0.4931583966419171
0.4546005937387466  0.0741682184939354
0.17096083107921112  0.44239738144636415
0.18344867611985716  0.28864192745025863
0.1747993165075168  0.40418380929477343
0.42658250913445334  0.1567230482704583
0.22579684595538102  0.1174957937531178
0.3374923087459469  0.126630846507453
0.121343367287509  0.11190433884362466
0.47137246965087387  0.390710771842056
0.04670391004059682  0.4155935047356581
0.4566370679825458  0.18277526128724159
0.390693789258745  0.4213197756527878
0.19642479792191903  0.2412462246453697
0.4773905239778307  0.06888612320515625
0.25927177114656264  0.3542553731086118
0.08047791536768889  0.22438760536562785
0.386394625163638  0.44210118445366897
0.18543679094922622  0.30825632581632517
0.09402406341409603  0.380447172479848
0.2730760744844688  0.1504610783725806
0.2040674421875297  0.16398293378144307
0.314716653588195  0.34106106091570393
0.0024469992182719613  0.39617572214066893
0.4478448263809017  0.045824478791230305
0.04590804398488063  0.05932969178507924
0.38424037396960886  0.3647753713081523
0.309866310077283  0.04933934333284523
0.46307611778737917  0.09896877652065739
0.22318297931473446  0.21608791191260823
0.037702134534007614  0.15907851080825625
0.4566064355478287  0.48778082920753674
0.47703411983303434  0.18608488946367358
0.08493949936638817  0.31696603889369185
0.452816023968407  0.45171928876375605
0.3748162405062653  0.48676159330309365
0.10377402692570936  0.32280203219216214
0.30909853008988836  0.14717840480604155
0.03511520455489847  0.25715704535077194
0.2403809909228014  0.267143898341283
0.4632427702816404  0.31879090618228256
0.023800308823443306  0.10440062057228244
0.22832270856209325  0.2646502193890406
0.18081730308642352  0.31053552279336677
0.426652067856853  0.07812233155748949
0.11701582798984356  0.053612486980230745
0.3886726387035032  0.40749747151176735
0.35901517152619283  0.1396936693748151
0.45165010639556247  0.42846321336547166
0.479028980907667  0.2688974824319678
0.09435075199365267  0.43020588838282675
0.011512566444257244  0.2886528808765932
0.3836426539538909  0.4799864932092318
0.3265900284244349  0.2365444227847862
0.49332854109074087  0.1703151062086744
0.1951100914282926  0.11275991494843723
0.2528205728157963  0.02385579118094211
0.05339207377205446  0.31856540907855024
0.020959639995192847  0.1630648467458537
0.4700119519992599  0.3685566534237712
0.2377920584043462  0.2410565316185841
0.02349684856771178  0.3364204567633268
0.08311477015489782  0.3326912055583659
0.31165306066966436  0.2659953557955809
0.33540006240984516  0.4329289761027516
0.020597470843142562  0.3078235227221786
0.3999481941093322  0.1709678499030841
0.1404562381146558  0.1634593245364901
0.060737404388522265  0.1493035068134726
0.07719267500406429  0.35907964942721
0.2642199953338652  0.2774287877156822
0.1545979226521801  0.10526357695885952
0.29514217561692746  0.11215797823865709
0.35300074026889744  0.10311417096689507
0.008960476424983432  0.3702699332854032
0.44150424423500056  0.028723878072767994
0.1562461054213785  0.4646976300922039
0.13865676850451591  0.3480991301451803
0.19858344277706447  0.08551774630022507
0.4305660870871095  0.29294410067273063
0.22420171527012672  0.4423898106795538
0.06077954552153386  0.426489478235269
0.33413060955386076  0.1943625338798886
0.32841648732794376  0.21716578315104346
0.44399891285878  0.3497643285338751
0.008304059560417743  0.032973825778183585
0.4774891062268306  0.3763271993428993
0.4499869562643281  0.43278747927718364
0.16631152524600712  0.01683178859101625
0.02127419558608956  0.05472033119606651
0.10145241706966118  0.05555952305557904
0.11811441952365254  0.4887674353454655
0.4511137077188926  0.0985218404939684
0.3404245239586076  0.38489769610909735
0.10936893662129937  0.47238284142336046
0.2494513900071892  0.412797323815404
0.39813317755787775  0.22311028242211822
0.10309853792371004  0.4546832000302553
0.08962981741771026  0.033622026083313994
0.043269268915210435  0.3983073378341205
0.06921646091928363  0.3869415807327531
0.16954560212216457  0.29916550544934645
0.49113555695304095  0.179318791817266
0.2987169474673122  0.4149233958116365
0.2614968992516976  0.3707098276833593
0.06618416756240397  0.09628871692438035
0.0797222482740948  0.4214039498722553
0.14335013643340477  0.1670324113769071
0.22013645739754678  0.2588494063024731
0.40480189010151973  0.43324639889926414
0.3914165469814876  0.24238947596855287
0.05636002126916262  0.015431770013803692
0.18540510321246434  0.09393013723697746
0.28891708388847503  0.37782004438962846
0.4778611742441201  0.41750359551075616
0.03166568129288311  0.167656306347306
0.2724593434194239  0.22439941601363
0.032410487232910457  0.00628997972498474
0.24511936359324898  0.21612613026744226
0.4318288695358602  0.039413193141076275
0.485154005305928  0.44540035987045745
0.4167273373481263  0.37699850346665587
0.34022485156170046  0.11642305588089119
0.3838586944710163  0.19692004679370578
0.26014212799602837  0.007206537318096062
0.3582083720733266  0.2498242092222152
0.13019794845198884  0.35937653837433925
0.18906759008181945  0.4848140012204091
0.30849574685025427  0.13154206218559844
0.4817849787113246  0.46060074531508105
0.4296517877738317  0.24539232466278588
0.22240752421952759  0.1787670122624187
0.2222000343407477  0.3029534429379123
0.15218302473571782  0.2717271005136991
0.15912021950014754  0.10907863022106856
0.12182175051716515  0.3433799593616845
0.1743942475363579  0.03012074849529417
0.09253478771631052  0.1996182833012834
0.22934990937870647  0.40470435621882195
0.08379956987802978  0.28071914366849354
0.048585504974438476  0.06261924426465432
0.4444400377105853  0.25201281983022
0.41000312747331746  0.10800495699367518
0.10864051627004812  0.296996947233719
0.3262026056979738  0.12973603283409757
0.3524095473700558  0.13889533877129973
0.19396461541656357  0.2434588803776368
0.14758521198404517  0.2203126040212296
0.3459593216788226  0.07463024891202275
0.3459596553565727  0.003788660683134215
0.11813324920666213  0.09728262374546204
0.2423972222712069  0.23375489496716362
0.09985528301282254  0.10272217095652741
0.43587001860621793  0.45239221731482737
0.4182614374236816  0.06388461944947205
0.23361298199491393  0.33740832318586583
0.13580636717441547  0.32594572000329636
0.24134931532132264  0.01988155021312127
0.4872965348601624  0.48511374481983505
0.10476527836854  0.033408676343112176
0.06252119849760773  0.4900833586404511
0.28128280660493227  0.3137402462392105
0.4623716316330355  0.23582987482894058
0.17804044876921227  0.19291865662713786
0.4948657508235452  0.3052547843348067
0.49773992188194927  0.02811236105009607
0.2858771569004357  0.294081800287871
0.1497525667710195  0.0569127507568869
0.3944312020088229  0.0982208054264222
0.21329355003444322  0.21051517567830025
0.38996926113428326  0.001679883995202025
0.16581079780578006  0.21051788049621573
0.10946042609125273  0.4660243758940194
0.34261942947613366  0.20174068435139925
0.38928216568612484  0.06477194735092895
0.4978597024744376  0.41976437429560237
0.45446881963261637  0.22856653013113365
0.39949006117851504  0.49873605715128894
0.43040789874803076  0.17439741291780558
0.0218276810149729  0.15567243669543823
0.07338642943159729  0.25117751234270136
0.06697208166856244  0.03504594144167611
0.10386537837775028  0.1666272100803044
0.4477853137918356  0.3187400432148552
0.4001336808730113  0.11870184505651032
0.0629121135971189  0.12491143292493023
0.39886970738093325  0.00037162427787307273
0.032696260311131264  0.2289008597808706
0.41436061827501364  0.3747033590620596
0.33326601798504  0.44772992777549475
0.3689158920847466  0.14766364157591816
0.17335558490234382  0.20151949696627697
0.29436196118701197  0.22204154629684963
0.25826432194139165  0.42445350038700647
0.2739621619539052  0.23274615103143126
0.31913571863900164  0.48967448973739125
0.20259474233226193  0.005267934825450238
0.2537329128569716  0.4874433911498775
0.39799394728209175  0.348774327514883
0.04397770494921188  0.49642617865463756
0.17457373673082632  0.21045226364691066
0.07680741854441264  0.26146611544338616
0.24765537915900943  0.2932006821057108
0.39370102235628857  0.422382674568063
0.1320372965254979  0.15690502617234453
0.005877192882143056  0.08962790312708463
0.4951509201703801  0.3173114576689113
0.3651139131082626  0.19181641612982164
0.28717159269079423  0.061627846604667746
0.4252538656859069  0.06316621112513549
0.22031099394658638  0.1043609342449261
0.14279184525584754  0.33048564486257404
0.23599339493059535  0.494927208357378
0.3340530272889371  0.09413378690961877
0.22548547076783332  0.4164200599618466
0.04025311188817582  0.08442909283784661
0.08362804850338246  0.4774803509165008
0.1699920492526586  0.49964951551899456
0.3046370290504207  0.12454557746518241
0.2783992525885743  0.4036398503647441
0.4997590575813628  0.3329633165380372
0.41590632727217797  0.48284693558403247
0.34402039647244187  0.4431348337228957
0.08691908745376614  0.04721722564004982
0.04065870019080614  0.33022680974520474
0.39461113824192506  0.4464136273555743
0.30537482608889555  0.2049715326030685
0.2364083600525841  0.33861693634015405
0.15912195543268826  0.43110229868593525
0.22178627752373015  0.18521748441804503
0.2536563508601056  0.23336471433676592
0.24220501482593831  0.2023145631812306
0.3133016708812367  0.24588843265440297
0.31947967915137265  0.24712108801492416
0.27625334608011004  0.08793419306212169
0.2245433328163045  0.30465836796868206
0.26815527454239224  0.31154944530476053
0.3951309825051916  0.21487400041253668
0.06816903847720979  0.33601803811769293
0.4005405385991987  0.1611830129548517
0.13030464822102322  0.03761133869055694
0.2231513625294385  0.3260163983536871
0.027731366987826356  0.26251966494506396
0.381101208191864  0.2649979493380974
0.1455960493681694  0.2126480014131566
0.11071936798537058  0.4848871548543884
0.3368112866239468  0.2757413723281507
0.4105715353671314  0.25706177247783496
0.23283353663134537  0.44287254716707003
0.14048411166424268  0.4726059387182289
0.3828272168108529  0.0843415428722103
0.3336074814183597  0.41751734598074575
0.1799675787052235  0.19401756774348916
0.09897983651004122  0.07438965978516837
0.21628254601933505  0.34276641121696233
0.3502575234002103  0.21132521230921575
0.15087342991940267  0.11498246679931484
0.2957679220553302  0.008222901116515025
0.36236117814343033  0.46285194907308935
0.3763712242926958  0.12043716805411137
0.3824956126700097  0.39124613508936257
0.3795725260284841  0.35440080692616344
0.43174442578152805  0.036768696346078156
0.4315670271213853  0.12388977148523539
0.05564668667276507  0.14473105107191536
0.07575518166920081  0.07359693415169988
0.2897176220470595  0.4435090230000694
0.01756031108555295  0.07115062970405728
0.21586648012546428  0.08250754415771672
0.029017470217692076  0.016727042294661598
0.10166568519516311  0.03517180080242521
0.4681784836769709  0.3510788421493731
0.4152023701900248  0.13707116455083868
0.18263550347123036  0.43019549471681673
0.30655143577791716  0.3267790168834243
0.4813126273719075  0.4102604825550218
0.36112815110849594  0.33178212934365203
0.25128179514865245  0.4092399536531543
0.23778967211951574  0.3060706927703752
0.2436165310341185  0.4272927029174939
0.4132767959052808  0.3185084737600037
0.22807192163538664  0.07796689843536297
0.14766532169788793  0.3675922745069317
0.49273038069084085  0.4279033598360202
0.31237207165065317  0.3318171044259199
0.18594609831926184  0.07852230693195916
0.337341590647975  0.21091709003500997
0.4591697905992556  0.06394245915811614
0.31779969522884166  0.4710855213344405
0.11160942098792614  0.36942726017627175
0.043110170139763815  0.08142830006361262
0.257262996125866  0.2209930204211457
1.0333114709437652e-05  0.23656690588070772
0.48508836682867074  0.38173500682484246
0.19868256717915944  0.07338243248789605
0.10826784779341764  0.14354531190434894
0.15311331552579044  0.26226267422878236
0.44608716258098613  0.31228497463320976
0.34480142101200517  0.35007058838656807
0.08761538897860371  0.12438235147285137
0.11951571081916385  0.02720249697736321
0.1266828613443532  0.4693455590082984
0.1735668587228894  0.16687171248446114
0.03827144760280887  0.18453660927437543
0.03344092722860581  0.19811829868787934
0.3497784242465321  0.448135218708609
0.1537898143050862  0.07185888524448197
0.27505955179144786  0.28637660738588033
0.45443442491980923  0.28277526808181974
0.09718601862490361  0.06750758986874472
0.19264167850781838  0.47783471191292154
0.057658188887036166  0.2714036737049851
0.26974126915434204  0.36313326015471975
0.3269525759140435  0.30480590399715035
0.41930889080261596  0.21468162428814785
0.18145897018258067  0.007991410174460256
0.4527713277612858  0.3170011697037797
0.11021024672678464  0.30000870798838003
0.4862556361160878  0.36091505294327414
0.038269745482757245  0.1378052832630055
0.44267353777052254  0.07896952948134245
0.33261798534147086  0.3285160150151161
0.22160160741062612  0.27104792572257136
0.19870328927548336  0.42331437857898946
0.22315412654367678  0.33258505218734336
0.24958181573491262  0.22964899530725896
0.2982967874059534  0.19448864458041548
0.2864705362848165  0.45675390886960376
0.4264996850035404  0.3217418631096943
0.28186738625084057  0.1537699942319528
0.4605674200503861  0.15454902258114422
0.012729674316446449  0.28840899689578603
0.11040860857840623  0.4977389431567906
0.1723688906277177  0.1582633531098379
0.4909691572870179  0.28286800560292796
0.04441819681255649  0.100570243208435
0.08542817050680263  0.06058478992115485
0.22069224385538316  0.37569095032579514
0.13245182460830102  0.3348319131554864
0.23386136713324002  0.09336985098204392
0.3382412622430177  0.4359625976201717
0.22231154614085497  0.0074871361760187605
0.18256915860008038  0.3519734631154298
0.24056090540374536  0.40203478724674946
0.2228042067018708  0.45124189469494236
0.0734884660356892  0.4654306574147078
0.06496918459018536  0.13896015912078535
0.07254423142800259  0.2855678592889115
0.21768506939093085  0.23742527959846604
0.05486013703986192  0.4774974119131068
0.08987291492838417  0.3198950787841574
0.22603925347445764  0.41275884932366824
0.3262596025362677  0.29452740660032334
0.356392104880936  0.029666505884067884
0.014275146312078602  0.4979745629187127
0.05854285889955785  0.13146482137632398
0.0678574830337641  0.19020674833823725
0.02039290970478519  0.06085271067468029
0.4530538299069722  0.3886449279022169
0.41843304484197547  0.16867349205333915
0.10350779418751754  0.3055796487684378
0.05452992704111648  0.4919088866140681
0.48557106320583754  0.38854262445290105
0.45827998512972784  0.16974617320107555
0.09021318508199588  0.07255183559382677
0.34634415351656966  0.36181429713634017
0.10446685529212624  0.18389127170515557
0.43200869866539837  0.13014959836662082
0.16070576501244288  0.4981149131945904
0.49717254584958037  0.3179355557353954
0.3944649276560711  0.07046374473378375
0.26545458376560643  0.21012405891532443
0.15864162672752447  0.02441736842344533
0.2729342963058301  0.19321857902804523
0.09015054460202065  0.3554547877893142
0.023001352268915087  0.2925558630890786
0.29589146913563524  0.04518777195799312
0.08277668253213266  0.2355319019968165
0.496016126480955  0.481538094019752
0.45573905503920836  0.046341327388417286
0.05255411676503796  0.3817492853311657
0.23412367669336553  0.2316812357876039
0.07278390231551901  0.21795409701809793
0.3425813509721901  0.12147112425637047
0.27256071263033366  0.1901139035404033
0.11743877297800648  0.2722448349649449
0.19694245636568536  0.04874292270282726
0.33306690454534515  0.19512362136906292
0.08532025197862664  0.15403099710685614
0.31732707949663364  0.324273348166327
0.28602557312279925  0.08902897566108947
0.4511952665095686  0.4069081416277819
0.2507171501091559  0.4065244597073291
0.429232598842771  0.49627365185281463
0.005939334411981079  0.22302463831828073
0.4169856762225416  0.041498105409806585
0.03362420054996379  0.43656324434938637
0.4584909715174333  0.052435812187590025
0.3936178434007955  0.09260532894514617
0.3172588026977128  0.15726098646417813
0.08268792869840635  0.363407698783311
0.3335112041915987  0.14124967760249296
0.14406493233688888  0.2762636501002692
0.1965848285230215  0.48199228719020254
0.3900205204818794  0.06598874294144325
0.468427785516112  0.23463719129161925
0.3047363245427103  0.09239184487983737
0.39848906731304257  0.46315219265882335
0.2928180465097109  0.0015901552346297976
0.05650422425316837  0.3770588588067483
0.026819772154991095  0.05272200346703759
0.10657588516244021  0.3430890078294382
0.27081229191979445  0.04375658558098816
0.29220580386735845  0.46298066239001784
0.3086809488264119  0.49987388093356644
0.43084105774580006  0.4507185166468486
0.134280138794715  0.41269121552794247
0.05256794973166723  0.018059749338072195
0.39716130667039495  0.3563382590072269
0.20511503499945538  0.1693757491935901
0.4522018183897139  0.25053831193029175
0.012661706014425178  0.31638736345936413
0.46173643806451425  0.1542347041563742
0.4556338533775748  0.006621499511030082
0.2841697823263559  0.40514022194303084
0.23055178984385716  0.27645930356004916
0.00341704105931645  0.20144800960566828
0.3005549464671709  0.40450554500911545
0.4553148590702763  0.375904238328918
0.38010879216524374  0.10840829361523324
0.33602239985043275  0.23137094924358687
0.2770776614581596  0.11459063042555884
0.06376866107936408  0.2144016284587057
0.4085114052663114  0.2535734373747685
0.09294196334346227  0.19819844707602652
0.228220544081215  0.2948854869935603
0.20853813380562303  0.014009005355407889
0.48688552327959267  0.18898411796482928
0.06651301586938058  0.25718560286917674
0.3063373885953252  0.08027600536283447
0.446946977039456  0.43262996065469705
0.41622792140090176  0.23752463450336964
0.3658468035124752  0.27505209801252056
0.014497720376230372  0.46165571499295965
0.1846368042457867  0.4894244364062751
0.12000663963208097  0.22082874755689308
0.3776580983311366  0.3269524441278316
0.022462054431816203  0.3170778233894882
0.12145319381681124  0.2009584067704302
0.3464649606301609  0.14949324968017907
0.32414483983993386  0.26608692455053135
0.12909258263094364  0.10936082266665548
0.1370679603624238  0.35848412302898297
0.040720225415411704  0.103991685706881
0.03949056205660684  0.20816714740322512
0.03531261559428578  0.2574732290023665
0.2628490980151521  0.08484125995589648
0.13870020701581104  0.35503989434451366
0.3313620951823365  0.16001931893879368
0.3221061745908529  0.34423006973866793
0.36720131318196986  0.3020749118488868
0.19280166296375695  0.20801392667551138
0.24583305199023114  0.31185190464781926
0.4320137615332547  0.00011325777698750761
0.3563519480858889  0.030792053937130248
0.35041822666651734  0.36763734514005175
0.42078042421337164  0.23152905326902112
0.040722489483800584  0.21696703399120304
0.11896631649023609  0.16352742414211047
0.3872723147779782  0.4419568664911911
0.32682674308527393  0.181408044457257
0.2626248191949118  0.1469587071634198
0.24194185023835213  0.1332259705555503
0.06765708672323889  0.01683132281308125
0.14827844097928516  0.43708154868176713
0.41570803995065364  0.04658121854247016
0.16491073895374703  0.17329741578730778
0.46523065969184046  0.20775789693611002
0.19289571188752758  0.11824894021207172
0.032075577069468175  0.12412304254694434
0.48246536483789443  0.0753362757777995
0.10766443543856002  0.1284561447367048
0.10997256395582394  0.1620853553447869
0.07051402715326943  0.24343977626640367
0.0327998733565118  0.4765462078580387
0.22451984201440978  0.3891001238495287
0.17089933797311818  0.39167264946996994
0.0142712750857944  0.3390855268846454
0.4831550705696676  0.4021956792699507
0.23206969514046938  0.41230642645230275
0.19973122432070206  0.008998880683290689
0.0604888126487671  0.24986516037163048
0.01926090377958356  0.3216562610642076
0.2282518286334299  0.3329763359106934
0.26480259888524077  0.09743004375720632
0.34748042179413496  0.4950779448976966
0.37266972671391607  0.44732745965529186
0.47549527912912987  0.18585206934026066
0.03948003924352134  0.13592608890029367
0.13502395990001087  0.1528580752333067
0.345830532008605  0.34124058475893393
0.40049146701855853  0.3294909205970729
0.4586252676495255  0.29553542577558195
0.3366758367213223  0.2754059064531872
0.3623091046304185  0.4299018477559676
0.006979299067771616  0.20164870437308136
0.17083130507201777  0.12375555571246816
0.19038263144506246  0.23262932543052484
0.31131084256817526  0.04025313407089948
0.05482271387527199  0.03263179508584346
0.31642005899482406  0.020506885754278392
0.10684737935299427  0.34519303519481653
0.3840678039678958  0.09878056294512239
0.488228446382824  0.263069249224256
0.43956602234147507  0.09332369187814243
0.41700552563947696  0.07486146300609131
0.15103827570213368  0.4052139660730974
0.3977536025397304  0.4399784398680663
0.11019866820887814  0.15712079290363068
0.274631573844614  0.1492544295739655
0.49157081194483315  0.18790468418726552
0.26976029663253476  0.49667797197687447
0.0136759826624121  0.0550404675029772
0.23259674984257772  0.47602604913318924
0.21419851068158668  0.07673370718122541
0.3804703213577368  0.32923158929815305
0.4497088552090318  0.08848966264497737
0.22367610037715047  0.49134442782843957
0.3651705089079972  0.3077615034521582
0.18102378204226754  0.14591610424454127
0.23668994976992663  0.1199739202675138
0.06456424958201584  0.31114163242206444
0.09962500090868504  0.45974214890128634
0.02709412556987917  0.11486140216557611
0.42756270249430856  0.1585170437398376
0.07507926343239285  0.30227649763465314
0.03734402592321795  0.06580907487577803
0.37188806385595635  0.36500149097910295
0.010808572099162084  0.3594758331717866
0.3407407047329264  0.2323961731500721
0.37505238572257965  0.15184863042573654
0.1762641859007099  0.3230886010997482
0.2420905086463495  0.2204855914487101
0.09239163978099196  0.09499603282346947
0.29430926481895864  0.4295324453923416
0.2501210284754346  0.4512270004492267
0.44581072329531285  0.23587056256464123
0.15760296457841722  0.3368305269149941
0.13735099017668173  0.4696335047856597
0.4155355606677384  0.1747005416851659
0.27593022506115206  0.038989015332012544
0.06987359955958405  0.46117098017001923
0.11279192065169774  0.3008667080824173
0.3013056488680887  0.46446281894438957
0.3697231304763001  0.26739844167966353
0.17527381596282904  0.3502040630540247
0.16959089666117738  0.17458879830836377
0.39606035159630065  0.2912932185009476
0.2760516833328157  0.1549439537508293
0.17286958411550074  0.13728063903080728
0.3680173691805411  0.32633172791185067
0.4877320955490445  0.35120802170426085
0.42999354652355437  0.25535752999400324
0.09084362483914249  0.4091257156839647
0.43318271305969114  0.16043414272400658
0.39184383816009655  0.25330431149425536
0.4602277645652837  0.09242018914134342
0.18255279547509973  0.146267338193885
0.22501953548483422  0.4476482320451066
0.4021453059963043  0.3161635858703748
0.47206893089498764  0.1747306075036904
0.04941998968227551  0.18530576702853901
0.39640745785250603  0.37246414284398577
0.0037317056564660778  0.007051793480749968
0.38666784125649334  0.3770835814837191
0.32697652112710496  0.3200932637346268
0.3268400112324722  0.16768701532893082
0.4849519741604907  0.4941670579962459
0.2372080345562364  0.49218361516348896
0.2211757269938318  0.45715784251967984
0.14454432968792763  0.423189073657583
0.4884504988354547  0.0919822968246522
0.3606656486674759  0.43241548170931043
0.1768372140295409  0.10759697545769786
0.06038702136155655  0.25555280840522315
0.0008302200296342876  0.07480314356604228
0.10889100983070749  0.4944932768139598
0.03177440910186957  0.03126367452222972
0.2637132557010601  0.1206331002732105
0.31684486492575537  0.06931399085090317
0.48647510569047225  0.35782567719744557
0.1590280965712385  0.35866397063660815
0.12054728282887212  0.14973317046507906
0.43496431935432583  0.4819529003141279
0.3632450993177152  0.47684401364536727
0.44931588413711143  0.4655912711225735
0.35166580563504757  0.4159783368958048
0.4902212939896647  0.2657380537535293
0.2280786514545215  0.18593069083375635
0.21503264589815774  0.10227198098877932
0.11175878761438424  0.09351260168979236
0.43481770692814165  0.10696241986492872
0.12723973039777203  0.05309431489354194
0.03155959925072821  0.1447348488642668
0.26205352375011526  0.1704083960675134
0.20437198527558725  0.04219390304718201
0.16852011300547942  0.014491053008984844
0.20504444894180796  0.2304379942745869
0.09604336852857764  0.35243802394347207
0.11813241262632584  0.45888318904341485
0.06013608202256787  0.020205310153490974
0.29641521422274403  0.21600133620882062
0.22693718305913407  0.4054548383937183
0.2345439516794452  0.20113099484555524
0.058345103459710945  0.2482971909496925
0.036957028092125865  0.308081735168949
0.14470037228349703  0.33412827193010836
0.29376552179054416  0.14848756456759848
0.20640574946600487  0.16571605867392897
0.0806484515354931  0.2377149726909838
0.20918358525035147  0.4557131134235284
0.10695825812749904  0.4783388171330277
0.07526143426413862  0.3801441866341628
0.4467025622879834  0.2820178899238938
0.28830900720374414  0.20325439270141415
0.3040182055705924  0.21674204851637768
==================
Elapsed time in seconds: 13.3059949875
