------------------
0.5  1.0  0.0  0.5
0.68382337730503  0.79214657471664  0.3686697121461214  0.10694257020230713
0.6828208256950032  0.5845535652582728  0.38770976380309286  0.5525254090640994
0.689833053851471  0.9664976387473012  0.27215032320600446  0.12692900918033123
0.5638288441176366  0.5380436560271926  0.0605027213496353  0.4487018252709744
0.5532278596406308  0.7099219221671424  0.4491656820998502  0.20967896577965456
0.737421682813796  0.9655070630895541  0.2804919612498009  0.5720434965030352
0.747968674947126  0.982873248143421  0.009937025251564702  0.20699785119779224
0.5315766916631957  0.9769081004764064  0.16985038703013078  0.3826613726983959
0.5692579368726498  0.8568568274564844  0.3970056381297388  0.3886290888880755
0.5266311585176194  0.8481587457523743  0.458095141603974  0.02481476852140857
0.6686030751424932  0.9603204332654514  0.4766727740508335  0.9394359422726606
0.6341437254123008  0.7172233643461845  0.11076956030622365  0.6234175707361971
0.619125584576329  0.7865461645932282  0.2760314242009377  0.3835131094486043
0.5145956222971844  0.7751516315566556  0.024818690449401937  0.46246389276781247
0.6128531919479641  0.9567109094238697  0.018453595434623493  0.21010281449692636
0.5225243916467303  0.9842124089542097  0.14884771692456156  0.021303448257693036
0.5409459657016333  0.7286844948423679  0.27349302030346573  0.22222327745445136
0.7452480422982383  0.9158390658899809  0.0970047960940621  0.2896196634251027
0.5568880307811906  0.6153116146096009  0.31851951699559355  0.028515517865107975
0.7175667072605343  0.7383990655655879  0.24135709382538972  0.06708371495042759
0.5990751926334741  0.7786000255750429  0.22319239326388723  0.35842226879998157
0.7134667087349753  0.6144194790497854  0.16487078631493457  0.03703668226779144
0.6363258289922722  0.576411816092351  0.23574546920248984  0.1386704980257248
0.7440246477384123  0.954643221999488  0.40476039183373835  0.44917927353234277
0.5652811818645714  0.8589581431359753  0.35245895462463156  0.7036531416888203
0.5079553087321184  0.9746138459939644  0.41443413040568394  0.20304343679727582
0.6206916661191351  0.9692231302936936  0.21803314827058967  0.013035768782387325
0.6234060764857254  0.7319865546901303  0.09320010780061633  0.14327442531018625
0.6579080605758727  0.5322331855780092  0.4412922242910784  0.5245720220011916
0.6825490782139659  0.7074590370607263  0.14060905298092674  0.3568145743993248
0.6443520484894603  0.8544802485651055  0.0703785807118259  0.2686945014006604
0.7360404424092611  0.8338159861619125  0.06327431250797416  0.14960703118125696
0.6583941859861512  0.6039004313559213  0.3263123931256399  0.45577090693471983
0.5234139357867527  0.7683112979135385  0.013075143070256867  0.6343437308830111
0.733756932482627  0.946079066620279  0.41516003879676894  0.3291912483527463
0.5466985017797791  0.5310979550704216  0.4146135043995754  0.4009127521650551
0.7350828701258316  0.5054983645042668  0.1007427031071787  0.2199206014897096
0.546859329198353  0.6989332481154189  0.41142530355890794  0.6525112093042068
0.6805297371127379  0.8153373054324495  0.1661321647098819  0.15150587795498388
0.6826102850859328  0.9856246229406921  0.3646069349402877  0.5890664708544757
0.6148228030582317  0.828224690138005  0.27297594963369676  0.04588429951223166
0.5935036313101458  0.5967334826689819  0.3187719727267497  0.25135141723775556
0.589510961672783  0.5358484672045021  0.08108453047526437  0.5119573842870043
0.5445043570072693  0.816764335005671  0.2720203733947737  0.08620683145669139
0.6270226970222075  0.7810057535356199  0.2652002901088559  0.011945068855545582
0.6634033765295129  0.8804038283259195  0.30735408606720005  0.004538333788980664
0.7248980785303869  0.9165170756083316  0.28946848932407243  0.6850821439141473
0.5713187076870521  0.6084433212448795  0.23866301329499745  0.22513184707301642
0.5515062529152189  0.7249789662874913  0.3862733961356592  0.57190027862295
0.6614483209153204  0.7309550751131878  0.19612249230949064  0.6184774018504191
0.7440437208696462  0.6345026711798436  0.3292313121757867  0.6200776852893536
0.6894230294648056  0.5138987973437417  0.4665790626802401  0.22663702368943323
0.6701069968403823  0.7457588771122812  0.31277571805162896  0.2743318075285689
0.5021823783186983  0.6777806747118931  0.0660018714126851  0.6105126917409179
0.545558933665445  0.8294579623287286  0.2747577746927335  0.17845054055307014
0.5990877263386888  0.9298195607626827  0.042752010591044554  0.6892538464878043
0.5023167577405478  0.8020525615793713  0.408555408801172  0.21551448003417584
0.6157398174001056  0.6176739250620286  0.457509655749012  0.3220550758164892
0.6978445132788698  0.785336619999573  0.2476511172162688  0.3735023101540683
0.695251857222005  0.9863590677720304  0.03792902922646518  0.187898632767309
0.6912354721670173  0.6654413501121867  0.026297340744918574  0.44303930963201266
0.7281214667236925  0.798185266482114  0.044576683047967525  0.7623077474113609
0.6204258252555224  0.8808523798809245  0.057869141802167845  0.7425628635833597
0.5326355928482496  0.7426754862510543  0.2360421481149249  0.2649724633891011
0.5128504616346061  0.9675369287098093  0.41438463574793477  0.9512319129991348
0.5664953166107146  0.7280293751356601  0.2852765681212286  0.07992701779642786
0.6325911921168641  0.9592060940100025  0.03431418172702594  0.5864443070795444
0.7251257124789704  0.6158487070060406  0.3586718598777165  0.05455752023116356
0.6005038700909501  0.6195466575033493  0.4498991373010177  0.40399605974832
0.7168556073707596  0.8636493904933307  0.006598204591486689  0.858104344921885
0.5987208247478539  0.6762384804556971  0.19128302301982963  0.415306635240739
0.509089539810917  0.9596335416933159  0.07175442656913061  0.3562916862162213
0.6863756339183246  0.6748897042093462  0.46846312455668254  0.039374025575664884
0.6341048200227176  0.708524862686368  0.03362378463263399  0.24162873857152323
0.7040024359882529  0.5476959248046365  0.0916517968960644  0.45541309933927304
0.5917897526489382  0.6602035918323784  0.025561505317950706  0.6083137844274347
0.5903587634586613  0.9237408329422319  0.32752722888564906  0.7808238696213772
0.7184943696527832  0.5205762727087303  0.16065201082282943  0.47059067652759945
0.6132089301815792  0.7082778934114268  0.32717414843016995  0.6777952070724461
0.5771535731509863  0.9514847379347586  0.17738393848579215  0.46848745868571656
0.6754528413284404  0.8035504250581065  0.30196329056589855  0.5839107872705512
0.5739909961058207  0.9876446138234598  0.41987359992933676  0.18380328758844222
0.6864079014463821  0.8012931207878915  0.08289529019746877  0.44329470771280477
0.7009269965217421  0.627781049434846  0.2712404450249006  0.22347772962287882
0.6453923029500722  0.6801540833253343  0.3557483440932437  0.29093657324417144
0.536696059341733  0.9796321034499642  0.06245199027414883  0.029527512776558684
0.518022742541164  0.7043644434769601  0.3548237239616645  0.33622246221652274
0.6317718450192931  0.9461555381155875  0.12795844555051278  0.7838073059956808
0.6634668867679097  0.9638612450476223  0.15449634102896226  0.9549725524641862
0.5050967317797426  0.9776559791498411  0.45195971934207735  0.9137603100237373
0.5012384564736029  0.9013416527575784  0.056356449720444735  0.5592472110022948
0.6918981844800871  0.9123252082991957  0.2963444500894896  0.6012689607620265
0.550962088022654  0.7556495641111898  0.1278053627642426  0.008043004781593754
0.5072717231526089  0.6266480521874154  0.45334516728280494  0.4758606398853072
0.6119663478723281  0.7567833058477669  0.07480351959293463  0.5568061073306869
0.5710988121425996  0.725249979038904  0.19631619461227895  0.6461582070964014
0.7437353177326478  0.6166869652687823  0.48366630752871015  0.3174049648333511
0.5946483734860771  0.7860756653296548  0.20625766235819032  0.5646663107069394
0.629135680074077  0.5571568800531623  0.07508847943063002  0.21866008364431033
0.6049162170643964  0.9663222823634913  0.2270661994516196  0.34502774391098234
0.5537231069609171  0.8513721641771272  0.22922761883400722  0.6819643059356755
0.7077993451691812  0.8458436617032481  0.189954714731927  0.759818309916201
0.6065555325469003  0.7613595397501438  0.2101015641552173  0.21029759488015715
0.5797341480080731  0.5968174737652194  0.009584279001080998  0.08670186037538036
0.7459540592164126  0.6389467326816587  0.41660490805885786  0.13679091336390398
0.5336614393716331  0.725464393564094  0.4265338861267189  0.38184150814377543
0.5277980596636517  0.8858435745350708  0.3686269892432211  0.09411317533009322
0.6010819121266019  0.9056970244185667  0.04146006552063458  0.25647803425765486
0.7115166059628446  0.8816167853092208  0.06173803126361094  0.20537477168217877
0.581889210478676  0.9660217544928114  0.1266909618074566  0.7416364843998084
0.5870552382175125  0.6828811246354747  0.14054825244365332  0.4953020109042318
0.5900553073652236  0.9310494483793061  0.4261983109385724  0.2516818525969976
0.6640213129967989  0.6060606467154179  0.013429972904673293  0.48680531083022666
0.5439773632736505  0.9058944497747875  0.14723471741323224  0.05707517753426422
0.6934895089405142  0.6794504443796554  0.15597438400855962  0.39738230766697447
0.5492869254756589  0.7735581544199042  0.09506274662239  0.3190883759933697
0.5302374992051538  0.8622722095585017  0.47366656799542106  0.6457557621208783
0.6425174730580655  0.9211490452056197  0.3008672436644909  0.6564289620816915
0.6902774310823991  0.9017755494096813  0.2646947585109262  0.6807102721958836
0.7226810928446752  0.6392481833063941  0.4138374573081418  0.44668556834173384
0.5542557634799583  0.735287502841407  0.38382014093089983  0.12021558478308397
0.6877513314113284  0.6608248372869414  0.4756012598975117  0.13744912265287856
0.6509153329140099  0.6154491025736843  0.17616167336110283  0.21757300617339342
0.7266004276627134  0.748221912448039  0.009310270028126344  0.11520247882991014
0.7116837852049009  0.5510299094601516  0.4190960497638223  0.0582276133087401
0.7057825900591193  0.6098420386074961  0.17602367681189485  0.14805098418503443
0.5731714244759257  0.7250790721709632  0.2103926605699653  0.6687541601455065
0.5323784902594011  0.829759864323486  0.3723301570625001  0.4685589137448284
0.7483853665022996  0.9032106915226646  0.48773362342897475  0.7702881878518961
0.6781900340554791  0.7332863641022909  0.21836709685295352  0.0874312380290797
0.7077042360138612  0.935308925388532  0.23527223674549919  0.5314619766961726
0.7121565756808599  0.6926896107106881  0.2375198014929088  0.47000340204744484
0.548270040591289  0.7296638412124876  0.30469952024241787  0.5838376527030661
0.5579891339586641  0.7424906568943265  0.08668990921412978  0.22034706427567335
0.5384249105173503  0.5103124033607731  0.047195948906703644  0.0991704062099324
0.5870503691746152  0.7582316648806823  0.4250152752659203  0.3054992079100804
0.7136596177817957  0.6549487184541383  0.47739982711426804  0.008100053870628232
0.6185830658234827  0.7751227857301637  0.18076527038035256  0.5064627103235041
0.7265761154362674  0.9145227578852525  0.4016260364546855  0.4140942528984609
0.6504390569162926  0.9693590687489013  0.44191060345578054  0.38319390818281374
0.7451287169489479  0.7957154764595543  0.4641006195984664  0.4256292319843104
0.6292767010641905  0.6301623321752905  0.08845004030715403  0.3145256158670502
0.6602353601134894  0.6483069272855305  0.009216185321411385  0.3199546448685918
0.6812394436498362  0.7115220967948757  0.45360566414318887  0.6935981625560037
0.6824225316119902  0.7181215414546065  0.49573899729098236  0.4809573143724449
0.501475106116968  0.9474318052962671  0.10041993404789568  0.01309628246700062
0.5166050028967899  0.8613395629143507  0.037407140768886016  0.10235230593202094
0.6649636568408163  0.9878048607575743  0.3726354484360416  0.6130275130632133
0.5058434951886881  0.7604331517899872  0.45144601158347936  0.42754358383422303
0.6677017179659257  0.8043976173675089  0.11421281494464097  0.2700196982662294
0.5166323336267887  0.8320264432273266  0.4570574293297105  0.4648692303486608
0.7258020163236937  0.8754226354600889  0.3946478271942646  0.6641744687222039
0.6604578158333323  0.8344848628649988  0.4219208623862313  0.7878333567676629
0.6516257568911259  0.9218038731603905  0.14448815995208902  0.7871468019806125
0.6989399869716653  0.985896274889862  0.16978918523595127  0.9683909599230309
0.728852907953401  0.6067091049512436  0.4470878456042013  0.12698213848765189
0.6021103948617927  0.5676307619346054  0.11156999745730023  0.485007714819029
0.6351812496494933  0.80411891436986  0.16082976925519715  0.4755040931452139
0.5634395370741492  0.677404803502382  0.038347506089793426  0.5035566639482295
0.5231927339227643  0.6022745662558555  0.06015510878782393  0.5519181998494854
0.5355617043751757  0.9463707833917219  0.43806200858591404  0.7806562333401168
0.6391394720116623  0.7066218361936113  0.04730630694358312  0.11628706920036269
0.6125809732916777  0.9542578782748093  0.25341010702748135  0.49230739751787694
0.5759674759740873  0.6227940639304907  0.4169544800898557  0.2283838193608766
0.5555687481107198  0.790212541356262  0.1850732941067748  0.3865658540896553
0.5945519706829095  0.8984817170953139  0.0767761607025419  0.7638727255180577
0.6406287067375156  0.9225764926933286  0.49162222854657356  0.2872169774151906
0.5991843351513919  0.7783859764237552  0.18444243912595132  0.1815007030619591
0.5727036653809153  0.6264117963618043  0.16999155236683738  0.06105503421819819
0.5087370622301826  0.9277014727830915  0.3576485776794602  0.5145550710875708
0.6468401639573786  0.9800367487274979  0.3297257917981526  0.3322746673255027
0.6152262626845695  0.8401540335435311  0.23012674708887776  0.7162288175396468
0.5981018598521828  0.9411783440013479  0.14643902331834424  0.14908517783252856
0.6096018792288743  0.5234576525405501  0.02991081579074245  0.06095570596405153
0.6608088924917355  0.943800343062976  0.038178401890266556  0.461736550489804
0.6654791500646628  0.7468498663902132  0.32049169328621596  0.27127267921297904
0.5160635238726743  0.6934772366277364  0.4431219264383445  0.3553737990260959
0.6502315477596943  0.9473860680668423  0.28128792007395576  0.6533215972271071
0.6925459093300768  0.7468392343839506  0.029910988435180585  0.42304354233722075
0.7040622153713677  0.6566309755996306  0.4596610590464457  0.5616241791959614
0.5584761995381308  0.5722567141993589  0.4700319862636121  0.46342733597598307
0.5298439108048585  0.9306866171885864  0.22055257360058034  0.28790756735966544
0.6300303005537042  0.5722616677542212  0.15656100195404232  0.12314376088120377
0.6876841963965672  0.9424565066648498  0.17281606014829987  0.4777575765288191
0.5199901194198525  0.7040209160426638  0.050710910826252176  0.3158409839546794
0.6654418774634492  0.7282770796970051  0.137698859355196  0.449964733214434
0.5783253321861648  0.9139115481079554  0.40697991171782744  0.3008458067434596
0.6080046106507545  0.7954575533544734  0.1257594755344107  0.38878334781314483
0.5991125001174344  0.9484291190721863  0.4338035442406923  0.1672902032198903
0.7419244329676291  0.8918242961719455  0.3892412519679687  0.39463605145285285
0.69619616785214  0.9144667895803289  0.4686832984270284  0.1323286086730739
0.6262449575043065  0.8782089503360409  0.35407513895169007  0.6760934240162157
0.7023464623826523  0.9012890493702876  0.3451814716152134  0.36299495472201915
0.7482871599071554  0.7362690270943723  0.009126909995486099  0.3844037332084065
0.6445821126954847  0.5046836445242306  0.18839566920161377  0.3233397001377728
0.6391135915862949  0.6730319975846064  0.34014555388982426  0.4701025874417733
0.6531010179544142  0.9476249095182776  0.3423477451847868  0.7230960665944778
0.6990742451243688  0.6250943883415749  0.23929122577176842  0.4573164976540972
0.6473741071981775  0.7865769342382745  0.09580368858063881  0.6501735019637711
0.6715760098008285  0.6733854312779651  0.46982170850443866  0.636596282589359
0.6028003498772386  0.6835230204067477  0.15820643403665308  0.6419118031763187
0.6799336455075442  0.7436935143385659  0.3407240347668569  0.3578152262763536
0.7348171925291065  0.9450562515967704  0.3419819132164279  0.06627657615344507
0.705354869606084  0.8550147048530534  0.0024279763852502745  0.37827157146377477
0.7293564099170133  0.8136689630575318  0.13815986911074757  0.2964468593713898
0.5318119555765141  0.9875696025082115  0.44685189587692437  0.4036727731688612
0.615566363343913  0.799112710376787  0.2742961534317369  0.29765651443646324
0.6721510076077453  0.8272283415562145  0.0635218714720927  0.4241586252087354
0.6116252203896624  0.6499129439604623  0.2836900410676979  0.6032491781619205
0.6882027011369262  0.5118020760308044  0.126891264671057  0.3608614615580431
0.7119811662558027  0.6642930462842498  0.042630044774802034  0.5735689299683948
0.678358381832814  0.7325159317242158  0.14865741807556143  0.01940292758196477
0.7345718900982163  0.8604165929327822  0.4504242965157935  0.07410323801001728
0.6657397320688558  0.9074647236923181  0.4679863954804149  0.8145506092471098
0.6650062531271155  0.8023309272280588  0.40605189736238934  0.13913452091625778
0.6817067320851306  0.5473806370279852  0.05926955225780489  0.2901152745741977
0.5491419547739086  0.5245086414207976  0.48431096881133867  0.4546976061995262
0.6846689233345089  0.6196205982800113  0.26015776920869954  0.5075974866776466
0.5068812024147179  0.587526663438218  0.4848491768153389  0.13212381152960617
0.6501100442784089  0.7745286840463451  0.05419164942055066  0.33776318426272045
0.6216258895950042  0.9041471592886815  0.23998059106131492  0.048853271887771
0.6520303709390989  0.5884163134037532  0.21060088041162817  0.08786407525027157
0.6326349812988548  0.9693457158301055  0.1923376291036144  0.11383551808070791
0.6378893717095981  0.6616324043760687  0.15607075001146703  0.624353361333123
0.5823698264793633  0.7595699208999506  0.11622125033240466  0.6327193728414052
0.5929197615835178  0.7873127029749803  0.05551111731147634  0.2673183710139757
0.6688017139938682  0.9175469238219705  0.11015933176189407  0.26603301744254515
0.5389686367958634  0.9583085113495686  0.11314391614562136  0.5247293705118518
0.680137161240177  0.7448816556481376  0.29159919187491046  0.37262930603760874
0.6280207618980407  0.9107957443974681  0.40916477597581286  0.04482389968200745
0.7240652685105073  0.92942354062337  0.3491227982736473  0.7216558402775919
0.7118819260334744  0.9126234363112276  0.18861534850694317  0.37958897304696637
0.5219928369193996  0.7422668608645828  0.1104236431365691  0.4660889866897052
0.665873536804857  0.9271399904276716  0.24069226364001678  0.4132505289388777
0.6605863013850862  0.8151425191021373  0.4675399118336438  0.42476392525215145
0.6819281408063456  0.9729297263507797  0.1846072134920833  0.5721960049457734
0.6612819900994205  0.7229206078152199  0.35304806756692414  0.2427965212063049
0.6907755128605856  0.5733995218066936  0.2282491785577575  0.13549704955911912
0.7102613586969292  0.6999599218891996  0.06182985707200478  0.32958290698505593
0.6341174325868664  0.9452427558506429  0.33793729020097885  0.28421993869312223
0.519512382925742  0.823791329598334  0.13175411471915421  0.07576809069121843
0.6748176797610099  0.7279806884260509  0.14026372941657284  0.4012189185184466
0.6907437463974605  0.7973022248510379  0.39424960182145646  0.528045409139395
0.6272842394829168  0.8421606977338223  0.22585215514840173  0.2973696635545685
0.6155032180354989  0.615169498255095  0.28632628967350443  0.3255349815555825
0.5839265497996246  0.7002511331739185  0.48421489695569353  0.46432793037039793
0.6338482276723393  0.7847574864928479  0.3902670082641306  0.6638953081633927
0.6482849768099876  0.742415351527546  0.1926963655278423  0.116713096208375
0.6846563096730687  0.7975886648239006  0.3092642980870559  0.3905134304062996
0.5275025813068325  0.5709358367077495  0.10532092061509918  0.3426828234138662
0.7292273027002814  0.7327180611474076  0.0712487023773497  0.7153655147642681
0.7441059920471153  0.7977797058750296  0.1165304672389002  0.09878681355371444
0.7398665057477934  0.9002229622444957  0.047223394733329205  0.10249271394113141
0.7324755841427057  0.8334960278391836  0.258577171189245  0.107872533297446
0.6282752403791645  0.8248471684595251  0.3852010192188098  0.42099214595079526
0.5146323873983734  0.857950781112218  0.01625984832200167  0.0018238579714661696
0.6307243139046624  0.6507412018713652  0.15711691359153007  0.5813517009145152
0.6343299601899983  0.5229282303111595  0.3032726566512317  0.07277407818324605
0.7470355522020311  0.7357168048877367  0.032836844933311904  0.6188981607490741
0.5919619948376277  0.8457462985723667  0.35710941896803833  0.348367307989824
0.7222629951307674  0.8480165481636652  0.03300179938530179  0.31213544612238253
0.6639129849009402  0.5032996499981321  0.19801532729489024  0.04314541282221934
0.6756662822068822  0.841616669355945  0.23301184672524017  0.3738285254539025
0.6162937093729468  0.719753623926126  0.15998939919618282  0.45982264532608846
0.7309201100203678  0.8667640165377417  0.2684201992157431  0.09758791352609258
0.6745937595939969  0.6999393296115093  0.15790994410129838  0.24285981084254443
0.5691307533325749  0.7653005300303177  0.0163575797482593  0.05514344335945581
0.6534450796923557  0.9339802250575278  0.028577795040391096  0.15860914237471918
0.5954201866617764  0.6663028136735336  0.22212534567136755  0.366691755178572
0.6956050317407974  0.9626491258594472  0.31380461503147344  0.2869103720940184
0.7447057950225067  0.5231627322722623  0.14408696378136915  0.20743744063970582
0.7169883717179275  0.774265838593179  0.34456050649409453  0.38800394710965946
0.6381584570415866  0.5158573453984044  0.2602062621810934  0.3164047342543846
0.5683836002312191  0.6118818107745208  0.18347841568124984  0.2285385374989028
0.5941180103572113  0.832892545009043  0.27789233841189964  0.25223966498525335
0.6511100942570975  0.9921075556864629  0.3112439721480154  0.7458601110258504
0.5482536168177894  0.5800973051050775  0.49941743674175465  0.37537734641009357
0.6193672485199304  0.7380170057439379  0.42096820043206684  0.5560749197950764
0.6957366263648226  0.5575170075889502  0.17779744522050223  0.06961188518934519
0.5359391325494518  0.9251893114448397  0.3622716400473547  0.4189183658293341
0.6974180068811147  0.8896211523270201  0.13369112650482678  0.7458993328016386
0.5092049308858129  0.8086686035780517  0.21436160985197922  0.5909811127546938
0.5576571123304603  0.7825563860800937  0.06370269340725865  0.25401612740897817
0.6576455951490124  0.7949796302085157  0.28616940656048334  0.1822310724994161
0.5928043070708723  0.817582898329845  0.2326290624122755  0.6958814865720053
0.6994634269706894  0.5563524768488661  0.17353278888713147  0.3225505670717691
0.6093497218934284  0.5778407215875316  0.4752570602519519  0.31192088141522056
0.7446119253237085  0.9058427469724989  0.22547843890983033  0.6468276189695881
0.546326928913976  0.7347831626529411  0.18503015329764716  0.505569807187647
0.5976164633226266  0.8654380706442548  0.07105099523909514  0.47400373590637257
0.5067302698411355  0.9021082384834843  0.2960572563927316  0.7586158536944818
0.6925689559421462  0.8408133661095051  0.1988745021802416  0.5109716536384739
0.6462878099466023  0.5755475603144995  0.35937807498553265  0.19443074132522087
0.6883761524281602  0.8524108939523293  0.2278761473078762  0.7102132418086433
0.6887295411239421  0.7968848689456001  0.23508066552559326  0.7240557118343103
0.6756940276930127  0.8953762521132218  0.18934695896065945  0.40056711602636347
0.7087998641674949  0.777276546665769  0.18116157608802402  0.5272255216364856
0.6198811506474227  0.6302110163995192  0.3962236745672465  0.12433861126341811
0.7425937738769972  0.5243091929788677  0.023284028497654485  0.3170281199065097
0.6468450123535563  0.8254080249698195  0.2202112657556609  0.1201195927572331
0.7312968009571984  0.8760511481887521  0.12710178194359617  0.10660237609839468
0.6244980156238091  0.9645617424178435  0.1784724096341544  0.8513666118882504
0.6273903466774597  0.9780336465500141  0.35039170256275226  0.9329983857728035
0.7218765885508996  0.9314806395671404  0.4925489325407656  0.6622878289660411
0.5546132082879058  0.8341034186922823  0.4129409908005563  0.007363937565512624
0.5414986625180773  0.9984900729445121  0.3933196946058106  0.07516477298727153
0.5764305557674809  0.6020432132766882  0.25944471313502554  0.5674246810712718
0.573271830656801  0.7937640872588521  0.13395954369655855  0.05408236707152303
0.6739643395698264  0.9761747997071675  0.4813945844768551  0.33365164020435845
0.6458534401762276  0.6317419105488962  0.3786746405117128  0.5729747788020018
0.6432557664666507  0.9225014139723771  0.3650195259296732  0.2755386614315218
0.6167005181872491  0.7214012467818308  0.07236567789161685  0.7006999208907876
0.5335688985187138  0.6933373943040114  0.42743732023595055  0.1726806069070822
0.5966937866858296  0.9955624829423582  0.27815914668965824  0.8284250199252026
0.7442769836912605  0.7617045534011944  0.38026055278191595  0.48494701546102986
0.7377816235390848  0.6654367814875837  0.35701730318253927  0.4565587873453493
0.5016289188425901  0.6959320551105495  0.026755944469337323  0.2502110973050081
0.7062045456151673  0.71317000271291  0.27687490191404607  0.45152431721244163
0.577272279141322  0.7217814048657829  0.008584803857289103  0.2511234075514319
0.5294616316199494  0.8035067050893694  0.10081545610899517  0.6022584063901121
0.6647823856742126  0.649224682361117  0.46079515271004845  0.39206126934447094
0.7076143915704889  0.7187266300174653  0.4431898844627504  0.40583157503826056
0.7355718476376414  0.9831011680577457  0.17236632514947242  0.8241313134933096
0.5073939909780364  0.6617159762310985  0.2792819076212964  0.042879045466636456
0.5312122778031653  0.8276441286600744  0.29872051910143743  0.10526696182288553
0.5737852320607987  0.8862182011043398  0.46425733908930406  0.03811483948502381
0.5619209348251188  0.9782853175912993  0.050151388239177974  0.357496578714376
0.6868049965285159  0.7372212783272231  0.34775094984667315  0.5117334013784471
0.6544745546554642  0.7398843774488264  0.31868619516331936  0.2695850191282019
0.5751383857167842  0.8985424093050722  0.32016522061862235  0.7834008403511027
0.7239354595839191  0.5475466528303035  0.34194302678352656  0.34381225484347433
0.5578352069325148  0.5340852557682771  0.11197775421652428  0.5206719645303457
0.5002758861977378  0.7995157605191894  0.15336275279687017  0.6256148213243414
0.5476100710652401  0.6713149750864773  0.07915244173534047  0.17508484501758798
0.7273456670228471  0.6253381917861935  0.2601448098969068  0.43185330431756297
0.731828146489174  0.8009073878747504  0.27726363672708304  0.1856751298792061
0.740491470304678  0.7293563637068723  0.4903771021063321  0.4388650753107469
0.667513226019899  0.7582602910191163  0.3468282344535807  0.7484709780797021
0.6683216041950468  0.636557333657586  0.32200586983566126  0.44645547091033866
0.7187845179501523  0.5888201071878347  0.3129018065607692  0.5317461026520017
0.5206225505353487  0.8036910167873923  0.3357490224490541  0.20272808208925874
0.5833688237546535  0.7941854866830508  0.12393845155948013  0.7020509581772247
0.5981866923255102  0.9122477369688002  0.24301891452651847  0.5619596752769407
0.5449278961211511  0.7046585055672776  0.09954183452164861  0.12375953255957872
0.7362177456783744  0.7835395956706349  0.3719715323140744  0.7531967592339102
0.5534564271626354  0.5517626670985161  0.03908891057090008  0.22436661314866174
0.6771510030442376  0.6481121643562067  0.10526749520975692  0.5432408840030858
0.6395373566861491  0.9365592029934263  0.1353731909815925  0.16748184120847287
0.59549637518868  0.6806305037761491  0.03036420646504473  0.6416207171157075
0.7328276025323759  0.8939860087500844  0.36215118010586056  0.46169247668139873
0.6095018323270316  0.637693169374794  0.06123168046633026  0.054909717852976325
0.5701326265977117  0.778581508796548  0.15840235817140697  0.3941603535647361
0.586294834978472  0.5154305345641919  0.35122532979616344  0.427997421747078
0.7018021601729765  0.726961184394463  0.26434835536104356  0.3090720596484293
0.6891562934905374  0.8683757022998615  0.15879563022395132  0.13945363943254507
0.613805492041364  0.999677727674481  0.46827161804512324  0.4902356961316524
0.6762753207639428  0.8441068326482581  0.07022903754775806  0.31305322737764396
0.6602230304349331  0.9141973421397345  0.38025538609911763  0.3429781594751381
0.5990254394292298  0.9103059406848828  0.3115799968911062  0.6556962090378595
0.5245238982292885  0.7301785731355523  0.04306065700187034  0.16438325609862964
0.5988540769705549  0.630915431526246  0.219166309730914  0.5131800734557304
0.5066443284479798  0.7926595303015725  0.260639302763335  0.24718621600822177
0.6040772402004992  0.912189194647463  0.32186307493086713  0.4146653190722699
0.6107682046864872  0.9019566211025127  0.2531589744338627  0.5661576030686257
0.632735902547148  0.5546050517853944  0.4288074135949734  0.33347328727950076
0.7060807596907773  0.918202617025685  0.49420717970153977  0.6539878156189095
0.7229488377114118  0.5392773326331903  0.1022661175028931  0.5328883964417636
0.6566907929221174  0.8757100987214386  0.31703217192821964  0.6814379034593645
0.6324427996726568  0.5996778584398368  0.13313704502528573  0.315163783082837
0.6035081015414978  0.7286040886870536  0.2180996777627957  0.4591043152123592
0.6042681128146224  0.7513705989180492  0.23918665399450756  0.14503251113795118
0.507283587325713  0.5311752807503418  0.21224995971022476  0.20849751379500459
0.7117772491139899  0.8469637097941505  0.2205852347169811  0.30104480495120167
0.624084951898923  0.6328247841102328  0.17154931922531091  0.28344177501274237
0.5767769640378285  0.5811261082279082  0.09682942046204823  0.24604304123306048
0.7298993462901807  0.8887422270969619  0.24167966755348425  0.05603802473031655
0.7343693327314597  0.7881167943884624  0.12108643434614896  0.5258118708478052
0.6004262946112002  0.7788859327968556  0.239252142037793  0.279399212019935
0.7131569494316968  0.9666599643176144  0.22032490680449263  0.5799738309764059
0.5348162937660023  0.7055327150203634  0.050800422748766505  0.6277797118117239
0.6208221413398383  0.8070921072964137  0.06021292782061338  0.038315674734979155
0.576498694322336  0.7740217172124821  0.12968550439718712  0.08402197097141845
0.5271281397239996  0.6721984474156459  0.36007627668078984  0.48397129613230366
0.5407391635479237  0.6163529002111359  0.37378857359606027  0.05760300960330855
0.5881627538774116  0.9005068792716979  0.46124304453636333  0.894401459679605
0.5292716477612925  0.7475133226654349  0.3366613345122831  0.28149158769090243
0.6694195357683342  0.6858565599487733  0.30212501352781246  0.5424150533770301
0.5939708155867477  0.8258195040649242  0.26262973955615815  0.663710739134662
0.6923207211285656  0.8461497972454818  0.10345531651790296  0.05096326980164989
0.6930923660007997  0.7192866689915063  0.29938004524216083  0.580831940712232
0.6494986358211708  0.8673035504305682  0.22924832103055953  0.08548685056682315
0.7612828399339272  0.7295121106134768  0.3606221533171463  0.13578240840504346
0.8528462175364828  0.43214161032451526  0.16900227982931226  0.11982876819140145
0.7994422230265661  0.9231836963568358  0.4055350061488117  0.7371879645898886
0.792504921646496  0.5937208960304098  0.2859542135625068  0.0021231083794246153
0.8891626432990294  0.6167007654771286  0.34295075988641827  0.32077227873850467
0.8761978825228314  0.8307548998407757  0.14262737378792456  0.5904380058501035
0.9987306023074032  0.8437735510589895  0.14608991667722027  0.3180245852491485
0.7455648702253496  0.9895078965578532  0.15307434896524275  0.3304992967133913
0.9527861456376687  0.7954764921379732  0.4728932739864862  0.14124363297475953
0.9001940728754176  0.9927405845696218  0.2228733932206075  0.7687471321239959
0.9588701949971565  0.89571031795332  0.5568106183706535  0.597219925006903
0.829499513948754  0.7004491215135215  0.49374795818658124  0.022975046711306762
0.8260596465610622  0.6007563913379023  0.7882958290833775  0.14468215537836024
0.668194343268038  0.36454841047321773  0.6571312611770053  0.17310250299919674
0.6236392757750818  0.28297947622751507  0.3746259516775608  0.035822580664207515
0.6674411937664456  0.8383103979921918  0.11176072486981214  0.4073873038067533
0.590752261974394  0.5529672075682037  0.6073312317409932  0.4056624667789147
0.8665065113853979  0.5136368973336254  0.35508082382907696  0.38522492773162975
0.5753892729902638  0.7394078480440263  0.042626194471901746  0.4536191073459758
0.6256054970792464  0.3672455801034791  0.7283789381455839  0.21471890502906277
0.6787419465484464  0.4752140948446584  0.5078391274572649  0.16787277562194725
0.5711017592205948  0.6659684371362931  0.19523232784430977  0.5031950843756594
0.6731422186396453  0.7148052917018066  0.4494521212384658  0.5501993782677909
0.9361360477661456  0.9720121025757438  0.25232401199582777  0.5857421204295812
0.6275054731221663  0.42829337354308916  0.9095226619683002  0.21708198893691621
0.6235506178484215  0.7160210190157072  0.30567748290823094  0.3022130416018425
0.5848178647681176  0.37906129578501735  0.8231885556745702  0.05865546641145647
0.9924644327705181  0.6645529855611519  0.5153585006308329  0.05086153867469401
0.6109365607668878  0.8994400772072937  0.1468416722539937  0.712058224270681
0.9316786116955056  0.7830686989183255  0.12996504752242455  0.15053573967273481
0.7529675394095213  0.9280813773804928  0.4811911143337359  0.5782277776627514
0.9268007866732579  0.3138345307305671  0.41242710144527833  0.27885464384192493
0.8007174802875635  0.591290442353816  0.6157922451385314  0.5681503737573903
0.778920481162908  0.8722881232628771  0.2358181075416962  0.13903872800915373
0.6033900810283276  0.3537832467720501  0.8372817728732189  0.14438391164018027
0.8247937104987967  0.6598941132897085  0.7035004011535946  0.021650984966008036
0.8117458113404569  0.5431087769121347  0.3584001220976931  0.3455477671422438
0.7713541609834845  0.7855952389604344  0.5379717526575116  0.4736161422255941
0.9795643111998871  0.16334384111315736  0.42657582403030214  0.16066851997659579
0.8493163745915097  0.736382017947288  0.2070315830300275  0.3436126367232194
0.9097364756306457  0.5528368880261465  0.5377689789560567  0.325100694893128
0.6444446065039332  0.25727922862276253  0.09807350340249166  0.17601412181932585
0.7029303264721917  0.7205855754495112  0.05550453401178662  0.5482745399424305
0.530906825071279  0.818679708716558  0.365504235311756  0.4713169809246361
0.8093720037644894  0.4311939372871083  0.6369497885677764  0.35602668178260255
0.9740020538721204  0.8519781540097577  0.3413875294203619  0.6766028952755674
0.7514006903962746  0.6127967185962728  0.528965873578245  0.02298512640523051
0.557678835208434  0.6763239475512066  0.26196740467278923  0.1371286858926376
0.7047156369194394  0.97898083308173  0.07177658343186688  0.12820018619825502
0.9985477606386339  0.8944071459547396  0.5263163396263475  0.19538745010915287
0.8912514893028145  0.9354700033963944  0.19262641675729447  0.6413536625533764
0.8702047995342977  0.7199330365549295  0.17895752798850412  0.7098127136093619
0.6635360938144971  0.7737110282564397  0.33304998558724397  0.19165028146050034
0.9489838365183154  0.2848269730886681  0.8518201533211325  0.28296849405212804
0.668095137408647  0.8491127140743429  0.010205915628602985  0.16118667035628365
0.9485686453424472  0.48056698922137153  0.3106520230121905  0.36423086087375545
0.8145451845222882  0.9537124421077845  0.10287820255599166  0.23168272222936248
0.9937262632295982  0.6729968293801267  0.2975368493447901  0.6046623241883533
0.8267923425191499  0.9284808344919193  0.5170323338631468  0.8985783784934808
0.5343240950318141  0.8820986588412343  0.33900046800045636  0.7738559039559769
0.583032931267634  0.42556057233904543  0.6033638357502344  0.38263903904124086
0.9372478180487791  0.7379357955614263  0.2984461211246069  0.30980236829761876
0.8235525655916562  0.9814604502766002  0.5017569147756765  0.7369966175251197
0.6155752022690679  0.7559616849851274  0.07151936422842181  0.06573346013729042
0.9988502856399806  0.9797962930242441  0.12078853319062749  0.23518320934798065
0.5861299356291423  0.8028201861122269  0.2385702818567637  0.7988749125591653
0.614760206173222  0.7537305374992607  0.2700789799266097  0.26593498074644806
0.9456238729704113  0.2226647598630277  0.05099651527184078  0.1629769453863964
0.9357636166753742  0.6508341610560533  0.42324005037418394  0.5710110318623796
0.7330692843047568  0.6293064365758153  0.6818040174844756  0.33521284919426075
0.9281049175376308  0.44258359226258304  0.8480330014285028  0.27320895056760597
0.7635310667016351  0.5208986169876341  0.8542038105452614  0.4594763604720989
0.5426337380408711  0.5385523088531793  0.8643396145914785  0.5304970361000954
0.8028028130678413  0.9300111240881821  0.5139703395300494  0.5020815233960161
0.9246383148388015  0.9297920844231696  0.48778914280939506  0.13240451118162044
0.8956836701887302  0.9075982773242468  0.12935639994439577  0.8413584818402384
0.7432475613771901  0.4507052198924735  0.1177126008562478  0.3529738251906084
0.7947954885625703  0.7331710417131323  0.2995069807867792  0.011254288277226854
0.7152253804553617  0.40169129650257274  0.8717887741323354  0.015352066316143831
0.7425856557671061  0.9269077110346782  0.49062527899835157  0.37748250227309704
0.8054037387030127  0.39849886699090864  0.6594795062999947  0.12234672593606655
0.9471642508905522  0.9907533482668704  0.17619511986906589  0.5480319405887382
0.6493656316597283  0.716824583405085  0.6649931472854749  0.21656487340918545
0.6381848496892696  0.9631152965672858  0.24264021635308208  0.36990947646248284
0.5449847731231591  0.3756899254260735  0.5495030636662586  0.14306238050944037
0.8520089589036282  0.738168146473336  0.537589694491283  0.12254680160282344
0.7480500091770266  0.6328589700498212  0.656145226882377  0.428055881407758
0.9686822062576084  0.2579770914076456  0.47159946564960337  0.12333127229859209
0.6737888272204591  0.7180461433381227  0.6853609120894144  0.6954937527475915
0.8141045111217022  0.9208643197793001  0.10793850897798618  0.29796998644203065
0.7649616264523043  0.24534687818581813  0.505314476993074  0.06780569160144823
0.8960691168161785  0.6073844122514009  0.7931582245239304  0.5439665391639228
0.7145121683853635  0.6630567143002642  0.38668027453561726  0.6047001460560317
0.92082492737171  0.7766445133017631  0.6331095584118094  0.6391423151149813
0.8723812452664321  0.924780902857938  0.3523223448843591  0.9142156608815677
0.5272086650051442  0.8203311372053024  0.4745353421045023  0.298461500265367
0.7493208151234231  0.5730548217472811  0.0618171229400486  0.4312202930050575
0.982778988520391  0.7258398271795616  0.043617955927223395  0.5921498174892343
0.7340114999342019  0.8413851789582516  0.3554127555290139  0.24445921910196167
0.9722778099125597  0.7620023929553481  0.13377507896585566  0.1312094726328592
0.7907702786557779  0.7799775166156733  0.06808097785784639  0.18420790495362338
0.6296078910102393  0.9452952895456032  0.2229180847151227  0.4182485173098134
0.8277454916214131  0.7645451635093465  0.46854498197308303  0.6209871257992553
0.9977886797676139  0.9845558202082851  0.20543735272558827  0.478319507370335
0.9794031081201096  0.8863287256153689  0.20380145550637085  0.5042233072893945
0.9602440318150177  0.8623882168226282  0.08151334108857866  0.33967032831058286
0.7022298373920023  0.9559503283112792  0.003945618693101949  0.9074643922510998
0.6824687304962388  0.7821089683860492  0.42006630690123303  0.2885992882362446
0.8829808949943461  0.9436542238298532  0.17167029132719175  0.45024821657848246
0.8259798288629463  0.8977683703100887  0.16393499757682783  0.29857709571378555
0.636683845948636  0.6886721228340391  0.270645846487664  0.5311925474944245
0.9840657520954569  0.8058829283460449  0.4265366185402995  0.5684026911588905
0.8362935927863238  0.47630493551536324  0.6271812356914639  0.4192728734398202
0.604090419016686  0.9265338552069697  0.39226876275876665  0.6948539022539877
0.7720770783043961  0.733126214807984  0.3559573207369462  0.3780555394392918
0.7403696093532453  0.8610463445528245  0.5647657144598948  0.485527844785852
0.6177572019837467  0.8236243070785418  0.3946234105294339  0.36958298471896617
0.9824553877660575  0.75802944844262  0.5966179054437125  0.5428546614873127
0.7245052111370314  0.9594333690602597  0.08473960836745222  0.7120090568541497
0.6441397398230567  0.8757164818542309  0.3135079933206329  0.8310982154636551
0.6416661366336133  0.9880960394076048  0.2977117681519768  0.44139178265018425
0.7717218996309934  0.9744408683080351  0.4089929639950564  0.8656662506014047
0.7617175306149025  0.9175118425025994  0.20597445452754276  0.12201604345750827
0.7417599662029415  0.8524118424534051  0.4990157545117497  0.16979023031000637
0.7265859081302668  0.8190375685297338  0.2585379479646278  0.4270582077120784
0.9064524920057593  0.7272211911039792  0.3700693529899163  0.5484906193650534
0.5380867501179346  0.9716300778439296  0.4952809146430889  0.641843928307933
0.9444284514817138  0.36577725723368837  0.4712922434479146  0.24268941059864785
0.9608670151879383  0.9114992545818261  0.2843545274184863  0.21223379717312338
0.8042300148376684  0.9393277377038243  0.09528449290332965  0.508880344860566
0.8261244465164864  0.6774938489661562  0.49386196780657776  0.637933539050298
0.5070486765863089  0.7828280147588143  0.5728395081887719  0.34038099469511207
0.9658264597401875  0.9733842931935814  0.01592239722677552  0.6450543642399456
0.5334795116429978  0.9937739088089798  0.3340721206850664  0.15773992344786036
0.8461923216190267  0.972921777384834  0.101478030564955  0.8314533632288693
0.9212607498089627  0.8893340432737689  0.5477544684829619  0.44812598643582974
0.6487908684041951  0.987793303494402  0.08520616577318302  0.8232589865134045
0.5864059119439222  0.41939557732653276  0.6547199981223542  0.276264525079386
0.9618144185328652  0.9673586348327122  0.4536675008210314  0.9070182348098159
0.7311935621570653  0.9262065099561363  0.30246334949189824  0.16618598638467696
0.5979866942778203  0.6040986677072515  0.06238914425785996  0.4579019593245662
0.7027305656788261  0.7916362844613285  0.4991431214995612  0.5514007647748528
0.6004858706249019  0.8836073853629145  0.48808141576665925  0.5981832761269352
0.8393156968733952  0.8608098474848085  0.35577023546187236  0.30512295356708613
0.5701339433754897  0.5516511093423508  0.6909828995911328  0.39353071232889614
0.9467118153240933  0.6240937293616771  0.7347379663225719  0.38031788107024633
0.9877347329890747  0.7384776315044344  0.24091565902415613  0.3740953572303735
0.8816150179711348  0.5944019375988028  0.4434628536493026  0.2836261216221115
0.9994354161984261  0.9967980921275679  0.49540379487626585  0.5590450458805571
0.7720820318273525  0.549917253144045  0.1778497063343476  0.18332481377681065
0.5617319225383187  0.8847522960490958  0.48688865250808444  0.6645988815207444
0.5510307709568324  0.9589859364773144  0.5173391753918493  0.6970293874364768
0.6665384785159401  0.9531191534543915  0.493251904372792  0.21370108815553057
0.6934153881041407  0.359920695427945  0.5854327177067362  0.25690093860544516
0.6376594223324872  0.8184748451493088  0.4736707494908582  0.25493310670238667
0.5506772276815373  0.711094047863208  0.5743622831557984  0.1556081614348498
0.9553878503881462  0.9424003947666563  0.39944833380312317  0.6429949950410636
0.9544455740816252  0.5050035894593465  0.924935862270583  0.44019343273553235
0.937891177682397  0.508616419574135  0.8071308685864734  0.4291260167846306
0.5147607642081237  0.8906761774902282  0.06919201887678994  0.4328992055325493
0.6031221753534739  0.8537038836270694  0.04538365263317701  0.5391402975733638
0.6636074034794676  0.8850698277325463  0.3663372806962111  0.26573002679625846
0.738287935952736  0.9453107609777228  0.23822804265134256  0.7008743571593701
0.7784797737516622  0.8218590713697421  0.5760933729032132  0.7517132773094084
0.7712630337985436  0.45525700500460076  0.40369424686056093  0.17342255860407985
0.8622775851472841  0.9508797345059504  0.4810115979942391  0.7500761127294753
0.8236212558412231  0.9007389998011128  0.2976875197105735  0.6098455677098484
0.957637306290318  0.4231939448630231  0.30278989254686595  0.17093164458031626
0.8422352180296759  0.9877820241883128  0.2863714261414728  0.3689963431158771
0.557445453807361  0.4516439252614144  0.5748346337518627  0.3491365103839245
0.7328423357399486  0.9576685739118805  0.3177958907541041  0.3498024117112789
0.7706525581219749  0.8475797943025619  0.0630679163553175  0.7731538431984193
0.7652032341370549  0.7902765569385741  0.5733064414890126  0.016303764324712318
0.5563495391769189  0.9590785878427427  0.4971492890468144  0.7753202788321043
0.8696367057559706  0.4199227604947713  0.8021438757590675  0.24119482795970162
0.9680511750964995  0.7933598648899188  0.49546722163590157  0.12094375417885336
0.5561684306273136  0.26687784141330106  0.6955475655590752  0.1699822138065895
0.9516902412182222  0.9115544923873252  0.14382839488866017  0.020400625378544552
0.990198570302964  0.3483789239529478  0.05438636582252676  0.13146360665403745
0.5623575852035112  0.8334715665163547  0.42457975920784446  0.3070900165637883
0.6839817670073665  0.38703864572972857  0.7917019202467135  0.22657546044043383
0.6970237575781772  0.5767917291921714  0.3153208550142388  0.07349102245086324
0.7910284737936014  0.4505086663766782  0.6508206644279777  0.39208725977447095
0.908626815257245  0.6391488216826233  0.3846212496139694  0.5274592791153614
0.8587373195105947  0.6773913035334047  0.48017793609047543  0.23487743430462893
0.6329739410114322  0.9753951630498228  0.037075133198437915  0.9545038665109368
0.8771773820137463  0.9939381052145176  0.1003450424441863  0.9829534512521076
0.7947811324332766  0.6205769208699432  0.16587165485784083  0.6070525156924169
0.9884116304760435  0.7942104925246196  0.12160448250270894  0.7538228388786208
0.675695450392007  0.8756713333039219  0.2075008947378002  0.08937133050673451
0.5073386956435865  0.5336389481596433  0.838214082526196  0.21628076020184506
0.9390935962103022  0.8797489429352772  0.17570722781787163  0.8165142037005795
0.6035971288693863  0.5994250933128802  0.35210606370814246  0.5472459147988209
0.5412594039288842  0.9882368836796642  0.36105297819167137  0.7765073734803147
0.918998289361604  0.9150891450425429  0.45609667829413686  0.5292442721539967
0.9107191899983526  0.9887657035911837  0.21689440024950668  0.9711414682290794
0.9900261851061973  0.6378219103657377  0.6481819546113134  0.4794114984119342
0.9037213172704799  0.6694966353660166  0.13050257785983588  0.15021792255204947
0.8806416372872743  0.9303052500280251  0.4500516421888502  0.90681654263134
0.6809847976965643  0.9848552692110067  0.32114651447177445  0.9758414809777244
0.8494286721525688  0.937039881630364  0.4138342554381623  0.31682837731564906
0.801459305433774  0.6040372071676435  0.2097606556444882  0.2616816583509275
0.5461179264685203  0.4347594645501891  0.8917860736469961  0.12378258444724688
0.9000219771408524  0.944082323699769  0.28019445944869714  0.7079847043962778
0.9269525475372948  0.6860214399590623  0.580829523781111  0.2120568732296182
0.607578887116982  0.8295695472814509  0.5265166880630199  0.7709433159296082
0.7651383714157982  0.718447059145161  0.38794130274455224  0.5778015793259246
0.8995615516170594  0.5092302390932283  0.26633951751663987  0.48069355052942686
0.9445618343260133  0.9066688733699345  0.3479976223452871  0.38176190654575237
0.9098559107742563  0.9940335689227475  0.21186291395199258  0.35974689845719876
0.6266144218237576  0.8967229055446078  0.19668285247209852  0.45855875755111086
0.8827733330466658  0.6647147760318323  0.5568175883927227  0.5100321039289728
0.8288031974461476  0.6711568845607511  0.04726212967907417  0.6051438936164422
0.5954517367912442  0.39093028046651646  0.9102090327500819  0.2995225371567546
0.8804270822474485  0.9988080557075902  0.4260471442057904  0.4784238761424774
0.586508016848176  0.9862851644879693  0.24614105788402701  0.6286844764947267
0.8647675980130048  0.8474512848809848  0.2993575684772185  0.13498110180205014
0.8810711460286414  0.9576306242444241  0.08294368695325488  0.009400743546079893
0.7005867244341856  0.9203361247480308  0.07088437144998228  0.6790902025361041
0.9189066897871525  0.8740953662852425  0.47281047363456663  0.19491705202989817
0.7219216996087532  0.8514030580748924  0.47032632245054273  0.020442086745932064
0.6238595604086119  0.7750868125322549  0.4174777068283776  0.06875246339920471
0.5636204583817391  0.6147890969878166  0.030258592490954306  0.5488943350820856
0.8120044697618138  0.4593471381852663  0.4873179729769416  0.02377689619147616
0.7991826441625154  0.9608786382016745  0.026408826862501567  0.4777943170938422
0.6978100385064543  0.22258931581489505  0.22893121996761534  0.15157813795683395
0.7057129970295123  0.3322671949418492  0.4928343489737725  0.07061892237226264
0.6254431354260752  0.7807822258038755  0.5441961808765547  0.37179170625351854
0.8913159131660178  0.4776964823499046  0.9905666752292801  0.027517205582304194
0.8792592433094817  0.8246791568683123  0.5631776678403864  0.535204511799843
0.5929154425268311  0.3747872118103761  0.04726260971078866  0.23011671857768834
0.5318653640932626  0.7740775402712361  0.5807054206785511  0.36215733166286895
0.600561826041834  0.8749843706165599  0.4853844358030093  0.11860034262842911
0.7930794764406128  0.6990689449616464  0.16855399033726648  0.10630844497381353
0.90703762552736  0.751934554374396  0.6051537791334416  0.711323745656081
0.9174500806973336  0.7464446960323905  0.28138028056798364  0.4521056141235074
0.9767010145806702  0.7126193853375836  0.06985349556850662  0.6896962765280896
0.7706505599260277  0.9185768843441982  0.15811429888169  0.6253218452970798
0.9097282063418409  0.7226680069753662  0.2649693020876396  0.5408958701487518
0.7816235113846601  0.7656850021551925  0.5755208409506285  0.685864374016627
0.5881420412195639  0.4988451792109856  0.15031683191959191  0.264558138057271
0.9276065370541093  0.405658442536853  0.5268205733790297  0.2189672239660403
0.9480118812890597  0.9795562619137836  0.39992464295615127  0.26288818004387005
0.6954114921606271  0.6738075270881194  0.3804995326552536  0.010387999071053478
0.8747430537929779  0.7181081566849954  0.119169026319813  0.5514382772244628
0.7423882628472731  0.7098222225779811  0.0481029154726004  0.09145973180832201
0.5316920051308441  0.7253419717643665  0.034590632954085834  0.48200510691038556
0.9390450572578893  0.9002271070092843  0.46846701762952075  0.7641870658911865
0.9967515417294932  0.5636068037172491  0.492990611572832  0.34747557429842735
0.7031237629002883  0.8806963082760615  0.3065191316383077  0.32640538450449785
0.5273989866879897  0.9121226599938336  0.037910539712502564  0.7969019679270953
0.583462707988913  0.7193487873425504  0.023322440568190984  0.39397799480142737
0.6150226003210258  0.5701853554211262  0.330952460066644  0.3548983180145867
0.6887779124519107  0.8588194768414081  0.2769189718194653  0.6845837442143148
0.9148964329216852  0.9819816191421559  0.14949098989082313  0.05175258325820342
0.6036895719359462  0.5357516973544731  0.24584555158798618  0.022670800883683673
0.8812085150631865  0.6117104559635369  0.3423257062957651  0.5284986536318471
0.9661837121049601  0.748043468222674  0.3775217998976257  0.4546283816514694
0.7730805001809707  0.7844888763816849  0.38010449435935717  0.5553043024623273
0.8128713997015665  0.9344120860529656  0.16981597872051404  0.4708558023057945
0.9197003889747973  0.8886530384291855  0.0941595492965131  0.2891097456120417
0.9382173471079235  0.3647795303823529  0.24696114649667283  0.28671968462538827
0.6879318918031703  0.7050898710434226  0.6756324471914332  0.6953549517390267
0.7979222786665414  0.7916212460287155  0.3404078044563329  0.4660920180582988
0.5558617488987229  0.4183279461569953  0.11906465250138092  0.094197498828678
0.8548409848949978  0.5711125184557071  0.522038667580137  0.03157632912494046
0.7569399019123197  0.7986557551581279  0.1810810012704377  0.46591922659050244
0.7987812181200364  0.7905831890774293  0.4121448819258902  0.34278506584880497
0.9526349248022642  0.8303069099041192  0.08648876992306859  0.28890859232982624
0.8878807795633695  0.6112176499732729  0.09226019930752183  0.2586907046116522
0.8028574298893341  0.5900673242729433  0.4399083323942626  0.31573851481757353
0.6857334141323774  0.9148527627212792  0.01792510929239216  0.8477931704608419
0.8187085910768791  0.9999760547122043  0.0807641099874156  0.04765436479499185
0.7110823369055732  0.5798359917539755  0.14959373476398158  0.14920159120442694
0.8718736945846024  0.10263756267668867  0.9067957903621432  0.06534106962875297
0.6261318389309234  0.6504803176615517  0.14311720458248114  0.18107403587011459
0.8747668192695576  0.8774266608465524  0.21827819650875005  0.4291474603282431
0.5931235712478722  0.741797010232297  0.6566989889483651  0.10078931699004708
0.8618844920645788  0.968155652966544  0.17510960916108412  0.530885171628368
0.5868594487428602  0.8189731641920315  0.3780067952336094  0.22684748501413898
0.798686674733954  0.4875979413186342  0.3534717819655484  0.033706661115348674
0.6858990412563082  0.8633681805189684  0.3340555674314979  0.42239219068984846
0.7839732542859001  0.4552076654194568  0.36528461085750896  0.41832685937533826
0.9213826422819427  0.2602065100187716  0.6578029454231727  0.18632464364808862
0.9847923432259629  0.5645968373740653  0.7918264074254349  0.35935483021616343
0.5331588561149988  0.37324215968159025  0.41556399498449426  0.2790108480580102
0.9542561987920377  0.21727106413982322  0.1075266452643226  0.059070045168335195
0.9191965131518713  0.2657220935954878  0.46574567408343714  0.17253731561742075
0.9528817641414353  0.9233877796954661  0.45111572399010014  0.8557323035829291
0.9883131305231259  0.45425994270067793  0.5509235287730128  0.4194061586121211
0.539331257924143  0.5586978559889496  0.7818784064065178  0.098394509910464
0.8957404066840458  0.6281505556361899  0.5191813191622137  0.023220893728042646
0.7181677786012108  0.6446349797174687  0.07031275328197772  0.3131281435007315
0.6676263128793175  0.6444970122232375  0.2820246483461208  0.2987741749762466
0.8395471241157644  0.1545310207130033  0.8933522116362158  0.15372526035642037
0.5177199589323142  0.731250796718232  0.18051473753487357  0.0010860324626412732
0.5293367748496078  0.2946537871552726  0.8831384950277372  0.050802482762972334
0.5957932936548663  0.8720991941899623  0.05793292091311719  0.5587954173408648
0.5947990079144887  0.677142229321701  0.0844443094061133  0.33188652818240577
0.7014761120358802  0.9450826287530399  0.4496247209985082  0.8841171490711474
0.5098032447104419  0.6414975771696969  0.6168030579072364  0.43447887681090547
0.885189423112703  0.6501123361524519  0.6419411594986915  0.5542742253070893
0.8752841874720237  0.9696476061071706  0.027885874098869223  0.7930410356981634
0.9198579431629574  0.832416664248613  0.5587846352189869  0.3090724288139226
0.9346603072301698  0.5781240554895677  0.12895570467577533  0.05128963324024738
0.6723162048081868  0.7218501586770123  0.041850974626127996  0.38644534974913514
0.9468865710599343  0.923517502729316  0.10653878650561538  0.17754389329667586
0.7714231276753238  0.8376035801823789  0.18526055800933833  0.6691284522895873
0.6184949801426435  0.4188360315192303  0.5352219881387508  0.16433747084991862
0.9820633737713439  0.9699960604457024  0.4341050318731752  0.22576258469166144
0.9545319005654411  0.6885914287503345  0.11610924756071687  0.11142718857935219
0.7182774111234471  0.6364986481847548  0.29542286421886166  0.32813903924305143
0.9707938450198119  0.5693996383444164  0.2083829356991987  0.3707042522106664
0.7005761470924231  0.9939608286878767  0.4231150417695347  0.7649242578819799
0.6278707861663883  0.7134170654701475  0.3874905949242059  0.18707472430989575
0.9482173594386129  0.8508631447063151  0.34179705475872035  0.49444926353744056
0.7656879004455787  0.8877265649963152  0.3241612228654238  0.7997044835509336
0.8719869588669481  0.9731432470736989  0.01606935563219991  0.41693730550778096
0.8905441306460229  0.7690960229526336  0.5550938890830401  0.6579119658270196
0.9561771495069765  0.977911147965801  0.32307890928154626  0.2843613255294739
0.9491838038327196  0.7847946336819213  0.3950087220830347  0.08230942681411774
0.9809720010874345  0.4066358107543122  0.3082924447565762  0.14196096851072254
0.9742730763115015  0.45065538836922236  0.8141814525985472  0.2873778628488219
0.54376679518528  0.055293214931320334  0.10493046952303264  0.0043332083109391545
0.5793761777189205  0.42308034803352224  0.3743086336248872  0.0005214725337755258
0.9950990306041112  0.3850729396090977  0.1598059424638038  0.17139039197897282
0.7990796510921634  0.9042915665406812  0.1443840171282727  0.09760435027055625
0.8007649113851042  0.8968302243254666  0.228214160163971  0.6887610657610275
0.609494104772294  0.9973666006836307  0.1401614380163153  0.3529365779115167
0.6644419793339209  0.8726950059637051  0.0950962553317446  0.01328227654413057
0.5867652536050818  0.5551094857015993  0.2683262359312762  0.2633751779552642
0.899181005798939  0.8297840957460019  0.41376711387641907  0.3387106489744993
0.7533492694579329  0.2995725513513008  0.6184784726579139  0.14789099545353618
0.8000039459174257  0.8644122516859714  0.5140638494630952  0.6331880167848639
0.5713010461014462  0.5400756822199347  0.7581805988561988  0.09343765641621321
0.6324902784548365  0.6437320794636698  0.04709291689175127  0.5797705547286085
0.8151512191215008  0.5383029185051801  0.7680881625750522  0.002381157737627926
0.7394260281701707  0.29944570646837443  0.59130239784008  0.1604860892044041
0.5536490421565344  0.6834435216060831  0.5994669512531705  0.30932416705311866
0.7425415382561399  0.21452449479619728  0.579436195174947  0.10665629230595129
0.6302771881039204  0.9009374184675092  0.3585609781337114  0.26531290712029987
0.9933056370505539  0.9689431044381516  0.39910467008630723  0.26690227676472533
0.8779025966137473  0.8763846080724236  0.38676636478938003  0.580649887044068
0.6297111325951658  0.1654319758284568  0.002563072854107673  0.03543083939518686
0.9151918311637354  0.780759742077333  0.31161583764683  0.6815366499039401
0.8525172033754049  0.5398653824141744  0.9067973697306749  0.1438290064740263
0.6567545229650947  0.7178652686973497  0.2834221210948736  0.484853091005543
0.9832426030468704  0.7258937142814635  0.5578336751247119  0.15791174626805782
0.7631554407533155  0.814550410201663  0.0348373666535019  0.22060901105540293
0.7253044009672808  0.4698035074145195  0.8510471849939534  0.017222892521555358
0.6154877695295274  0.6130024551575616  0.20158349913896995  0.011540586586807053
0.8751563102859208  0.4253290344949068  0.6054074724389873  0.3314676097086142
0.6822314449503714  0.8118458434466879  0.1393810333216784  0.4894816409681619
0.8342557164158393  0.34734586379111776  0.5897504180238109  0.3289726061342405
0.8287235517835907  0.7438574513605399  0.16090483312358073  0.40135915257827093
0.5074669103708156  0.8933190904489126  0.2233470096519446  0.8134838720136714
0.9995838470360504  0.7489826812266784  0.133344829894731  0.7149203172429133
0.7060327385646408  0.6492016436158543  0.6751201786215648  0.3934062523857912
0.6618700245545458  0.5341687440515028  0.8800187660751007  0.31738321541312464
0.5796867212575555  0.6896912415172911  0.556883554682122  0.44310567722328636
0.7931799523325325  0.8714859823235682  0.3079146301475739  0.5048381687629072
0.7399159917691618  0.8121524836859588  0.029662506860655136  0.7200857018179827
0.6215182332288848  0.5300465931381024  0.7976733927939561  0.4214170785273791
0.5157462095931348  0.8864318312369622  0.033162555450754694  0.74570428005495
0.613096160397366  0.5318067097195618  0.8556366976559868  0.1705208647655443
0.5815191646094054  0.9216077711768174  0.14987094719578148  0.6103934531372308
0.7276055006406945  0.9489031562077325  0.2506248374798521  0.14216145764950816
0.6240751714590164  0.41614305066153134  0.8634041193147022  0.13394614988792763
0.7587683186973191  0.42298082021846817  0.6021898574332549  0.09762402880014431
0.9231654829818116  0.4030538972812715  0.8745189984695085  0.21446642000782534
0.6734001901416348  0.599473259705959  0.6327869541561644  0.18884264532362202
0.828452153783405  0.7395344524572336  0.3866593530269703  0.4764785159146058
0.8406963295220712  0.7168533799142189  0.09712212504064857  0.6243386991159203
0.8221478067622653  0.9748110871780193  0.3114303378175076  0.9065911470498719
0.8402436749576383  0.8117056147513562  0.13550070081129395  0.6792294856053019
0.83389361087731  0.7290757329911814  0.49218158962589853  0.6539243171758387
0.8506676614993122  0.7355847699806257  0.11665674260394523  0.3843244783201123
0.873068802968594  0.8674422713363921  0.14286753948436598  0.5244011298337283
0.9135276540434742  0.5790461396001136  0.5594153173831989  0.5013268037963586
0.85604669804086  0.5668418501270518  0.12929994469077552  0.12134340808397792
0.6389800437987594  0.45016655548608653  0.8829082394774597  0.33177714391157503
0.8636014127774309  0.852521694446569  0.11880012438241486  0.03463125897867008
0.6987489327549806  0.9789871057211169  0.04951012173708075  0.3932904838233207
0.8357558178837962  0.8737782250342797  0.06952088754219865  0.5600787636195722
0.7422372379861013  0.8820924975630375  0.1314281705567066  0.3543218835451629
0.898923865763484  0.8891915006299043  0.3777329517428813  0.4815111117861305
0.630097908119859  0.9822179771581381  0.07690648304551151  0.3369703014457208
0.541507758425858  0.9692725635204251  0.291164037043485  0.8297082577846839
0.594867738752903  0.823962247688929  0.11239355193912182  0.6398744524695279
0.8765288359553909  0.3446129881612935  0.28604715571951456  0.06869811998242434
0.5793072180929577  0.6397167847607093  0.10865656435662902  0.4153394711214989
0.7832614524874464  0.8595497492345237  0.34946020091036817  0.7739688032313721
0.8752568378626998  0.9351027345793961  0.37774413358912845  0.3531990624902188
0.8724331612619687  0.5869832882382785  0.6733082597517345  0.46443106120318306
0.9178607712331681  0.9126900464302368  0.5018007042393926  0.16904112667404858
0.8439940190406128  0.7689464464969786  0.5576527845796573  0.7579471057012381
0.9557838274979269  0.7250028325801936  0.6022719811095762  0.393955983320629
0.6802532037740675  0.71849226501219  0.6311049746549107  0.16556885979908764
0.7514106459857455  0.623668866353405  0.6087931256554199  0.22642250651960324
0.6765618517308891  0.6522195685442289  0.4588028694809509  0.2252362662711201
0.9233148251504717  0.7882110345604048  0.03904949829686449  0.47701784990358614
0.522729852898947  0.6186784036905382  0.3912725790261085  0.311826909122887
0.6270192805501966  0.7804624169498467  0.48022508474381487  0.1350526249755011
0.542407681563959  0.9720758703792042  0.02175351070285325  0.5632047430745489
0.9531821457414813  0.9597022477001548  0.19353553876051321  0.2408890131814705
0.8068649538386476  0.9745807261994301  0.4943774386541545  0.030750534671699303
0.6082453527014179  0.40130590661345567  0.4288929428062847  0.12988883172215326
0.9352041278397545  0.9875581902057424  0.07008367031009488  0.8998955860245377
0.9995485262690362  0.9540042714888558  0.4169954556121606  0.7646166585791527
0.7795059272583318  0.7319063122816798  0.6553891129338569  0.2141308723596772
0.7576889105231958  0.9348794939341385  0.51845071471794  0.6128717553001615
0.7709261003725896  0.3282103944532728  0.8839347130059033  0.3033593257397712
0.9304934731325408  0.6084126063188917  0.4714445092010685  0.3065673109517578
0.5989236793111751  0.9710207353499117  0.20993036818219002  0.6342534905592035
0.8484764289018536  0.6984082000328513  0.6412083456690925  0.5411108643174143
0.9876448106548343  0.7198229602115185  0.28442417467267755  0.5402438910122185
0.70574995673623  0.7336327796489499  0.554891326470988  0.3790967416182679
0.803648761756282  0.8677281778646584  0.06146520533009947  0.22764477919959047
0.784563189050295  0.8225256690697273  0.15410289251420983  0.32072322280617294
0.9378856338095877  0.9761582842884038  0.20608685235288393  0.6559810078725404
0.9664272159477929  0.5710133964486681  0.04730610602903784  0.26551899630836506
0.6013816478150803  0.6102245646578284  0.4754693311060562  0.31157228101867673
0.6737413243313002  0.6300595709028554  0.44060901742188635  0.540078302137958
0.6092666971146299  0.6967087962517022  0.6625387305421966  0.3051723352774969
0.5176259701092998  0.5853772013362657  0.15058773307266649  0.482364698068381
0.8257528188497836  0.9912370442147046  0.09475750101301794  0.174939197178398
0.9811796773133714  0.8464686360796047  0.10036569207229529  0.7051896626726314
0.8939769009617784  0.9951447741525943  0.18509196325149102  0.6518968945174609
0.8851342620533487  0.4893730842276873  0.48582754323090416  0.4611625500810832
0.9308654855860672  0.8669374458062292  0.5474409587493295  0.5134047789859729
0.8640896524119246  0.7709991316075325  0.21916242827323984  0.6126795876488558
0.5117654814163248  0.3850785088343105  0.8823165031955631  0.06575971178695528
0.5005315978881264  0.8908078036187307  0.12228293849971761  0.40374608810642854
0.7171296750933889  0.8410435655254315  0.5242350419478988  0.7706002776673689
0.9732446710528355  0.8294609905961905  0.485122795424213  0.3220203233000458
0.5391374662175911  0.5392983481997937  0.33489653243171646  0.40517227818119395
0.9209512025459454  0.8522994082326392  0.49941234909761756  0.04542756702027417
0.9254984821609241  0.8273700530266413  0.20829220842786034  0.7477265062450279
0.8899278777728488  0.8901732901195871  0.34635467659501284  0.08579290340823365
0.8668164652037407  0.8832585130733481  0.009863472817023267  0.3694083435690584
0.8616172922295239  0.6996156896537924  0.33679223782061807  0.10199795947607915
0.9095776657442055  0.9598378356238689  0.4168730318345352  0.475239108737106
0.7496128069052026  0.5864207328311979  0.7118739625289447  0.3032309440209642
0.7499824776562304  0.7444392099470654  0.4383359748015393  0.6081517461679184
0.6651660316273398  0.7465986868953032  0.24400580534516514  0.003667002451312573
0.6096258696046786  0.46763462013607815  0.08512786048609555  0.14945802980084916
0.5785308178131044  0.9948748179240854  0.12045351010691796  0.017408196344263438
0.8637326533409517  0.24452003808596534  0.7960790223690385  0.23082060361369447
0.7222738482843342  0.9983023015593768  0.4387051015830283  0.9345772336192366
0.9393370128372551  0.6047059112353117  0.17817388412355117  0.546877282995756
0.7810451247073797  0.6838846358539765  0.5975677448799257  0.025763926089892142
0.5620190968733627  0.6362571693913373  0.3991195453022527  0.2629124789185391
0.5819555758386434  0.9038122597457545  0.4082660620699771  0.22627884840999338
0.9744325587173397  0.857165651334906  0.4673210733384048  0.17611650128306167
0.5005667807657926  0.523363662865735  0.6175340228025257  0.05193635677809433
0.8091525310488562  0.8691927621223217  0.4132950454831307  0.5855710628878334
0.8656983467960571  0.438347834220163  0.054517932607141883  0.36983865666039234
0.5086023644301398  0.4399431240803693  0.6927625691137698  0.02024383305368524
0.5164617293552649  0.5782824530307842  0.6714936627516499  0.04745384823024479
0.5371519133007931  0.8742388938036527  0.09989506393228481  0.09947917454819416
0.7279857537943808  0.680492855722346  0.45334917905772565  0.4771124593301232
0.514487981506362  0.6046851731180638  0.021943172726281046  0.45763657282659764
0.52973280918655  0.3987214736123106  0.9763039147226324  0.14479848028645537
0.9222337616256029  0.8685235047001083  0.5106943435578938  0.07083533457495583
0.6432848933798336  0.3715876667083564  0.3366103470737151  0.0395507862571205
0.6776349098966702  0.9093576824196006  0.014662998412308226  0.20093750039629402
0.7630621195457612  0.7549414187446806  0.41023656277368936  0.04515335665439942
0.9405850643995135  0.49677916503120634  0.05139354736561014  0.2006134010846593
0.5933795676930327  0.8959720376411124  0.2736415403637729  0.20060684997776979
0.5856112535527692  0.5855424079973861  0.2036422171357189  0.4392033146969011
0.6912090428090187  0.8095448696460124  0.02187363038464002  0.33308050113982823
0.6101175301076946  0.7618401471822989  0.06976577630823283  0.06071059040115168
0.8307964272111036  0.6464673595439492  0.6146319096993862  0.44445393549954404
0.5090910113488908  0.32309796374346567  0.695425109240311  0.259318996733515
0.753586484545287  0.9964801333734307  0.3559995976039945  0.6426613577951186
0.9474375173472087  0.9644967490276911  0.0290653005255804  0.8690575175399167
0.5626095659027508  0.9885290211990236  0.2246322606458372  0.7093449160340259
0.8749262317223072  0.6784170146613765  0.24858336829520608  0.0037285290117846093
0.8415417263697105  0.9938751188117527  0.14337873142235785  0.917749786589388
0.6806961033758147  0.7925988512049145  0.590521471177315  0.42664541397909533
0.5359748434974987  0.8448860467948841  0.3506360389334255  0.7852281552062075
0.9429463955370831  0.3257568402723734  0.07893985481892221  0.08772975440201725
0.7398085395455156  0.9302565970086868  0.2101026454954585  0.34161258323321975
0.696107394053087  0.47175661775253597  0.6966461703703977  0.03752901316301682
0.8432830235923172  0.8665806480692989  0.2994447059442001  0.6992088913045518
0.5068654251769492  0.8919776384584627  0.32833659640032453  0.5830172073307291
0.9987729206546363  0.39619840887158686  0.5315228300044195  0.062925297141393
0.7388853851715292  0.9297984147861952  0.04227163789324301  0.49823585915597385
0.6104478764218592  0.6396474722592318  0.3677967983228993  0.5442012183635663
0.9632741762404314  0.17356689454862884  0.29470707289480613  0.058155934145863175
0.542527874912701  0.5586722508534956  0.319400969622305  0.49121634905958955
0.7361340266988456  0.7227189463859321  0.5738563422565153  0.2678233512862347
0.9472028461101044  0.4961105888154651  0.9696473905744081  0.48675869577987585
0.9377334211790044  0.8641525392314275  0.04320915197701691  0.6425122161035914
0.6450378292918609  0.7349989932796908  0.4963291398965578  0.45205209809678826
0.9891106887599577  0.4713605194235958  0.6585329943561145  0.42905140386918483
0.8743632240519632  0.5928873694455841  0.3940706828621493  0.16832073034496042
0.8937963768207828  0.22841220385686123  0.160509260147624  0.07385588460166137
0.8842371094329308  0.840325661349014  0.4780354442350747  0.7020598074856369
0.9081410388170981  0.4675882118258573  0.5172597091726758  0.3455337732214928
0.790885696573319  0.7084253575325525  0.6746799198234338  0.12481927335346621
0.8500341609034399  0.7653743378631075  0.5290184334690355  0.13366498296547524
0.8138321001052228  0.8182374802903744  0.5748394797503829  0.5760488969541021
0.541112835956573  0.7505243786318321  0.6649043861328932  0.3513422655299482
0.659844870167663  0.6043959662452226  0.1769584042563208  0.5164752191664537
0.7638562024776361  0.8785066934720858  0.18177771415407118  0.20244467360662977
0.6980849340786927  0.8821059836098356  0.31880140783122324  0.7572540660457479
0.5603413127248494  0.9066946034595682  0.19128335519786754  0.27156669877709405
0.6170973176419567  0.6169585731229199  0.20951410721231178  0.49937738484957217
0.7256080458021362  0.7192173304272564  0.5299732522653109  0.499646272674829
0.9673523979760967  0.9713325312819524  0.0005732001006159004  0.6099169422731439
0.8355391246119439  0.4403688891683143  0.3336929923438439  0.2727668173858646
0.6427971635482976  0.7034544155245434  0.3283963033995445  0.2145069519579082
0.8459128106887048  0.8424895491438343  0.5787917890720451  0.20585381087065235
0.6331209433533788  0.23838179606440635  0.4667357537875121  0.17946304301142635
0.7062606461243  0.741162366231238  0.36435343723320357  0.48134292572375986
0.7012159490506233  0.4024942593653702  0.07237021140378144  0.2092438396463473
0.7830198418901546  0.14061963085645535  0.4658183825745641  0.05827555392881578
0.554639776506444  0.6069755333180883  0.12089275715270081  0.49322453087775076
0.9021984397743974  0.6321658992777187  0.7678638084094034  0.22512722065814417
0.7191734584022604  0.6460794166544745  0.6590740126582848  0.3853006677113018
0.5186354198748896  0.9123622907304433  0.2052922839130717  0.746289465247032
0.8275119376249441  0.8534200557268224  0.03193197454812513  0.13529214809395196
0.7449651201263853  0.4698781029759703  0.7256883347952461  0.4224444962318754
0.9417286635476214  0.6800704820387481  0.013452898775671684  0.5164292448929895
0.8223357757147048  0.6165387359921327  0.3008945441898553  0.1661324127506515
0.6114104659684529  0.7226545113344534  0.36594219484060136  0.39308755749058644
0.9030606048001926  0.6717710714695251  0.5898338600996693  0.260161719425875
0.9099663958053233  0.8429368353758637  0.27742983808813493  0.4020630589333922
0.8792911602614164  0.9022920568537178  0.15964504005115587  0.5515437930509274
0.799096385713585  0.7571600203451367  0.10979699727816335  0.023735205284065142
0.9964922927476505  0.9307082433844752  0.2537369788107659  0.052449926322349294
0.7042696824564351  0.47479069319814493  0.722583805404346  0.3443709221404391
0.5517322145425729  0.42696095860163674  0.2797008450858109  0.3152249448123925
0.8894292814697924  0.7941515530229736  0.34236618868484947  0.7248513292133368
0.7219620518055166  0.5940569261123807  0.22084962851157466  0.4586986382805433
0.5937110573949209  0.7663816366503423  0.5319772787474024  0.2676498717107745
0.6812182469072947  0.9799072933983096  0.03949032486907646  0.03508816763295319
0.8462634275824394  0.9938568337840997  0.06851173160869908  0.3859098814687477
0.8330958731449868  0.9495950636119317  0.33891783542981235  0.21137175704404632
0.5336402904037024  0.8913105298545595  0.1597056203838086  0.07853439591753203
0.7365879365747118  0.48304750829163745  0.49229959024007075  0.4526382328082941
0.9044620282890948  0.796755334083444  0.45074681959578944  0.044452724996146165
0.8165427650937257  0.8299353151645045  0.32518265876550423  0.6641791893408022
0.8143565254417133  0.914996503901976  0.4739155305582877  0.5046980856584179
0.8798367181630334  0.9464234768186045  0.026104767512530366  0.027517994717337624
0.626225056808226  0.3455018742399232  0.5327599158511587  0.20496271272219618
0.7211013698922761  0.7884498721822079  0.28487770378323773  0.6161921990220909
0.8992561496505022  0.9009862568576548  0.1551298286682467  0.839136613718702
0.7003943818587892  0.5324223876146359  0.3316562024319074  0.4161386596367403
0.9506434964815195  0.9077529493054957  0.22959406634067536  0.49229203065705374
0.6306940304831684  0.9111340078722603  0.060805031824356745  0.004054027024390894
0.5983909248424836  0.5881258519879562  0.05638489739874927  0.13166869577773269
0.568993483876572  0.7017022079698286  0.07777114892845137  0.30704805479351116
0.9848602439490457  0.8563536857750953  0.15454659765403664  0.40947420424474806
0.811046296591232  0.6639437402516222  0.4984623069443169  0.2659065195553386
0.8372440418013228  0.6267250518123009  0.731223011404577  0.23484161931811715
0.6706443978495628  0.8500819776076793  0.4337133265101895  0.16511249030106334
0.6684559905506959  0.6641699282837936  0.14329814726297552  0.35755039335830113
0.5875064880433157  0.8693621445391642  0.35478444677416193  0.7825548583593795
0.8144078790337913  0.6532826724927903  0.0036963259673562787  0.5031141947233977
0.6690176051972103  0.9181981472852101  0.16604395621800228  0.9139648961520594
0.6771734725412203  0.9714013925704774  0.4365655748773927  0.857515190092444
0.8223135994549953  0.9824095579064014  0.45926802874754324  0.8431292949656348
0.669956265483709  0.27683985142009726  0.3806973706868172  0.19725476598872282
0.7087484912266783  0.6496553437159084  0.5326465479450032  0.5959565047133357
0.5844061675782697  0.7398078628511701  0.004895318765984591  0.44460383613279125
0.5322344002074083  0.8904070321353624  0.148366736277168  0.8543280572143133
0.9591810926712143  0.8784147363679629  0.46011233653679806  0.17361848449532613
0.9661674480744522  0.6863843114494217  0.6920037737188856  0.49285149401608985
0.5598059349819166  0.7585580030689179  0.3672422589634774  0.680770544611015
0.5945111953918237  0.7919832649836942  0.4856272520998264  0.23120135953691923
0.8600894631944173  0.4350780066398352  0.8954845492124388  0.08418521100618725
0.5389720445978408  0.5788671639241287  0.6579678634429784  0.02502233571574375
0.8412549963136711  0.5728111609758259  0.7678492561197949  0.12743170127694348
0.8120204274247088  0.7490444763846538  0.22662156453874616  0.6501743204302076
0.6527382201970365  0.5713525387171462  0.034643163024279944  0.465731694815534
0.8143916156245955  0.246424123588611  0.8109619574903981  0.23531747264060798
0.6434101038498187  0.6515272801173618  0.5357805508023978  0.015586031237336817
0.6002213069000614  0.43317601090378766  0.35382849635305147  0.014941553223730475
0.8580332865140647  0.9593587691438422  0.3550122801087502  0.8424135943447315
0.6019861833600053  0.7599862304455993  0.4904471908251392  0.04643112951759365
0.5262261874422232  0.8078499196280666  0.33151241477961696  0.3517673157122254
0.7769549288711725  0.4705425266877752  0.585460687739112  0.171889200910482
0.7114927785123379  0.9377094080906008  0.29813111199901  0.7759154366665775
0.6118074780992594  0.6474766925158535  0.14736646811403414  0.4802651650449896
0.8260003872589198  0.9893181426247043  0.12976864815393302  0.5719147735310742
0.7135150664040538  0.4530273581152984  0.42868191116679294  0.03982105247270429
0.5866011615977933  0.8059022038466563  0.13583882540050685  0.02799770066644669
0.508125032279029  0.9317475365490628  0.14684281890097317  0.2612046359647091
0.9807259020579284  0.6360356270811686  0.771706228701349  0.46364330820245914
0.8479416061184656  0.8219365388844453  0.5096359600119504  0.20206398298830797
0.7331303238864282  0.5233979702119698  0.3005795043929874  0.14240710647941168
0.7615914633306493  0.9959305097836763  0.09673077740737795  0.35605897886083115
0.5615011447461542  0.9841704550569633  0.3059146555323537  0.8918969642804045
0.8517686714353659  0.5113253134858469  0.47561859406443757  0.01220871207751184
0.5710705745724418  0.8572859272632156  0.4164194413761083  0.8409187253293907
0.6474404659777131  0.9588389580317306  0.4240736484020085  0.29624558439756454
0.7304837600117238  0.5359731502655745  0.3929456066013599  0.4244051504511053
0.830761442089233  0.8145122203943354  0.1870372277164789  0.40384871946788475
0.8124357199146602  0.6959119767211634  0.03597568903558446  0.5330039824833239
0.8264361215154056  0.8530771268386206  0.45633973734900946  0.6723829971972541
0.8624765960099632  0.7287398669174499  0.5206472315014203  0.005896033771876641
0.7775670083752774  0.6341344878960684  0.6210531601115452  0.09840252141847206
0.6751760901014081  0.9102615609964945  0.2696194190103144  0.36538741927891805
0.9765244458352578  0.5532323524598965  0.7925034039228587  0.23750005024299536
0.9381984575963389  0.9726287133724287  0.4735734528321405  0.1483475035789643
0.9718727021439398  0.9781349230887086  0.4935896513328928  0.45346429594815163
